5229 2848 4730 4428 3842 3373 4125 3585 4122 3985 3716 2473 4029 4455 4071 3255 4284 3871 3083 3377 3391 3122 3514 5290 4881 4399 3763 2577 2598 4946 3182 4433 3348 3389 3260 4660 3772 4309 2630 5106 5838 4071 3251 3320 3308 2376 2334 4809 2962 2221 2448 4363 3171 3151 5234 3689 3255 3172 2468 3003 3199 5382 5467 4426 5441 5082 5813 4448 2696 4165 3394 2738 3521 4167 3109 3457 3987 3600 2667 2392 3073 4161 4330 3704 2332 3519 2970 2013 4127 2924 2041 4456 2351 2757 2623 3028 3221 2401 2033 1853 
5403 6480 2654 2958 2536 5183 4610 4288 2590 5969 3720 3504 3630 3385 5018 4496 3010 3912 3406 5621 2694 2480 3482 3461 2204 3246 1627 3929 4684 2308 2149 5670 2638 3941 3388 3603 3901 2536 3107 3051 3131 3845 4036 2783 4596 4231 3953 3754 3923 5173 3512 3574 4410 2964 2033 3213 3652 3677 3622 2774 4111 2124 2161 4482 2904 2863 2024 2802 2501 3354 4013 2861 2988 4013 2934 3776 4637 4411 3387 5013 3114 3288 2829 3646 4188 3816 3604 4217 3912 3658 3064 4275 2923 2560 3074 3263 4333 3445 4003 3289 
7343 4140 3328 3336 2633 3988 2960 2711 3293 3305 3155 2143 4397 4936 3054 4834 4163 3839 2428 3563 3296 2982 3317 3338 4597 4008 3702 4888 3135 3317 2556 2938 4786 4477 2396 3390 1973 3532 3256 4870 2866 6462 2729 3812 2813 3438 2710 3749 2511 2289 2742 3945 5854 4571 5501 3019 3713 4709 2055 3233 3430 2250 2718 3824 1676 3027 2822 3469 2696 3730 4248 6168 4930 4237 4269 4371 2486 3719 3428 1904 3121 1863 5421 3495 2623 4450 4641 4414 4445 3557 4524 2905 3352 3345 3035 3325 4191 3177 4998 2501 
4928 4270 2711 4189 3178 2442 4941 5191 3864 4784 3668 3445 5727 2490 4801 3210 5425 3833 2738 4061 2825 3064 5936 2306 4141 4588 2521 2439 3481 5964 2501 2650 2769 2099 3043 3319 2947 5190 2248 3023 3425 3564 3956 3035 2473 3473 3365 3438 6954 4586 3002 3318 5648 2387 3617 2880 2238 3730 7692 2799 3181 4092 6501 2453 6142 3266 4200 2703 1785 3691 6639 3211 2738 3224 1844 2571 2386 2382 4126 4500 3794 5608 2684 3100 2579 3288 3199 3489 5230 2199 3300 2097 3410 3402 2954 3525 3805 2826 3654 2229 
9129 3676 4211 5563 3144 3295 4132 5073 4812 2957 3033 4373 4338 2731 3634 3684 3518 2406 5105 4063 3089 4078 4714 4072 3068 3540 4105 3225 3521 2501 3374 3223 5040 4165 4325 2947 3205 3709 2385 2858 2913 4951 2543 5965 4581 3297 3385 2017 2779 3348 4208 3579 3576 3557 3594 3441 2984 5885 4827 3310 2999 3838 3722 3644 4668 3849 3053 2889 4470 2978 3691 4529 2741 2402 3663 2836 2340 2891 2071 3876 4350 4164 3492 4470 4859 4689 3230 4412 4370 4556 4349 2815 2894 2233 3784 3841 2532 2329 1866 1493 
6227 5216 4567 4511 3951 2942 5278 5322 3924 3680 3493 2273 1903 3176 2938 2864 3356 2390 2832 3706 3132 3217 2832 4970 4509 2894 4024 6033 2991 2532 4575 2061 4115 1884 2710 2389 3211 2390 5437 3232 3579 4285 3898 3243 2901 4038 3858 2618 2042 2129 3586 2860 4365 4412 1871 3384 5252 4065 5180 6631 3332 3997 2954 3692 5050 5600 3031 3621 7477 2441 5314 4930 3882 3185 3263 3484 2343 2717 2691 2445 2993 2363 3970 2177 2059 5302 2833 2587 4121 3398 2449 3242 2488 4728 2824 2974 4703 4285 2727 3114 
6123 3547 5914 5051 3151 3459 8023 5373 2735 4553 4033 2428 3434 3468 2568 3085 3609 3810 2920 2889 3738 2564 4368 3052 2828 3013 3547 3216 5073 7474 3120 4584 8043 4288 2906 4154 2894 4151 2117 3317 3278 2663 3321 4526 5985 3870 3787 4296 3992 2721 4300 1871 2488 4419 5340 2310 2237 5254 1642 4280 4553 4298 2243 3345 1528 3830 7237 3657 5491 4774 3573 2111 3629 2644 2532 4126 2403 3144 4135 5776 6024 3019 3135 3037 5349 6431 3056 4397 4770 3932 2598 2540 3192 3125 2219 1690 2072 1227 920 892 
4838 4754 4250 4372 3975 3483 3995 4086 2644 5667 3835 3253 3691 1689 3648 2538 3008 5958 2888 2739 4805 2860 3963 2994 4119 3218 2943 3989 2880 3007 3162 2505 3188 2616 2537 3785 3923 4636 4856 4142 2852 3761 5624 2666 2261 3388 3094 2966 3105 4761 2767 3710 4988 2567 2274 2420 2838 4439 3425 3768 2332 2048 4648 2823 4441 5321 2149 4012 3642 4167 2746 3918 2422 2603 2180 3180 3514 2770 5432 3752 3862 2956 4895 6004 2737 4365 4070 3391 3771 3548 4508 3393 3022 4649 2349 3257 3833 3981 2955 3901 
7837 3652 3040 2956 3959 3800 2179 4363 3774 2726 3403 4948 2885 2456 4792 3267 2606 2493 2891 5046 5614 5489 3635 2650 4370 3584 4022 4360 4897 4992 4066 3281 2838 3375 4888 4376 3918 3330 3956 2439 3613 4121 5401 3605 2770 3111 3056 4781 3736 2436 4632 2754 3728 3798 4338 3836 5244 4224 5266 3212 3208 5593 3096 2415 4460 3416 3974 3646 4114 3362 2592 5341 2498 2227 2832 4828 2565 3552 3949 5399 4073 2492 2753 2347 4653 3824 5944 2896 5311 3956 2945 4046 3118 2722 2377 2888 2457 2191 1877 1136 
10263 3837 4093 2105 4908 4496 2048 2221 5510 4313 2924 3811 4020 3678 3929 3797 3319 3941 2529 4563 2526 3649 3670 3912 3546 4287 2897 3518 6388 2852 3173 4489 3647 3321 2525 3075 4311 3616 3793 4374 4571 1922 3458 3298 3484 4062 4030 4569 4971 2657 2071 1999 3759 4471 3776 2306 4480 3817 2716 5363 3378 2316 2159 2764 3421 3731 4896 4732 5722 3138 5512 4656 5656 2826 3491 6511 4153 3488 3440 2259 2918 3916 3311 3642 2919 6870 2616 3901 4610 7785 3823 3545 4192 2170 2105 2318 1611 1273 955 1008 
5879 7218 3023 6095 4198 3456 5583 2784 1823 3260 3005 2859 2937 3610 2808 2777 2453 3067 3111 6032 4348 4298 4402 2772 2214 4137 2684 3610 3949 3067 2565 4761 3758 3712 2248 1958 3882 2909 3162 3425 4956 3901 2262 2722 3783 2721 2779 4047 2643 4430 2768 3924 2307 3191 3625 2443 2304 3083 4747 3134 2197 2397 4550 3064 6060 3887 1753 2975 4815 2842 3613 3138 5183 4116 5370 3161 2517 3008 6423 4064 3552 2638 3686 1908 2981 2141 2854 3238 3846 2448 3111 2157 3034 3415 6783 3172 4069 4090 2700 3108 
5092 3767 5020 3657 4985 2951 4390 3821 4291 2843 3638 2667 5117 3890 3120 2743 3327 3448 4028 3050 4204 3062 5026 4888 3693 4847 6074 4325 4612 1911 7031 3493 6716 2335 2953 4743 3346 2298 3423 2943 2394 3340 3271 3851 3388 4645 3831 4987 4709 2968 3728 3569 3694 2427 3756 3432 1778 4336 2131 2994 5009 3805 3343 1541 3663 3702 3547 2243 3471 2141 3929 2116 3497 3007 3831 5122 4728 6520 3336 3552 4495 3362 1831 2586 2941 2035 5414 4720 2183 2583 2670 3294 2990 3367 2593 2580 2556 4198 3181 1818 
6892 3909 2694 4613 5375 2980 3785 2630 2682 1736 3186 2537 3797 4936 6153 3478 4214 3674 3679 3856 2763 2891 3953 3661 7497 3564 4008 3475 5505 2326 4597 4150 2633 1922 3852 3640 2857 3542 2411 4126 3075 3536 4014 3365 4113 2985 5715 4185 3467 3239 3355 3077 2609 4557 3236 2367 2582 3406 6187 3418 5821 2000 4704 3180 2622 4525 1887 2936 3367 5440 3590 2800 2763 3484 2455 2382 2801 3066 7138 3621 3253 4333 2853 3368 2983 5306 4642 3042 3254 3649 4173 3551 2918 1980 2687 2598 2427 2223 2845 3160 
6052 3652 3398 4014 3234 4280 4048 4144 3864 3901 5192 5985 4135 5211 4384 1879 2965 2600 4538 3053 3407 2392 2680 3168 2151 3263 3950 3464 3645 3120 2096 3774 4018 3711 2534 4307 4256 3732 2998 3038 3131 4724 4634 3781 4729 2346 3534 5464 2308 6061 3409 4791 4034 4307 2675 4661 2866 3687 3177 3019 2578 3542 2219 3925 2527 5610 2713 3674 3653 3960 6503 2659 4607 5399 3887 6580 2855 3540 4338 5797 2548 3141 2671 2777 3889 2039 2634 1830 3525 4624 2327 4637 4982 4266 2548 2401 3162 1988 2733 1465 
7179 3085 4141 4206 1782 5328 3319 4348 2661 4074 2511 3291 3985 3524 3968 3471 3460 3362 3321 4343 4775 3841 3826 3245 3788 3809 4007 4403 6429 3490 3524 3771 3602 2370 2862 3572 3110 3414 5649 6115 3744 2985 4822 2168 4572 2849 4231 4066 4643 5049 5344 4084 2794 4469 7109 4600 2697 4614 3314 3631 3868 3456 4008 3270 2172 5345 2059 3483 2840 2406 3651 2959 2618 2966 2448 5586 3410 2860 3969 2924 5141 1953 3931 2823 6993 6649 4338 4576 2776 5338 5172 2964 3444 2322 2108 1601 1471 1039 956 950 
5145 3651 5367 6397 4507 5169 3430 2724 5256 2066 3687 3465 2486 3429 3859 3523 3424 2153 2607 4167 2667 3713 3831 6578 5402 3408 4397 4505 4706 5115 2543 4201 3079 3089 3268 3966 2040 3347 4895 2134 2335 4269 5386 2513 2776 3225 3518 2008 3235 3234 1854 2368 3751 3248 3610 2734 2134 3187 2523 2433 4722 4838 4340 2333 4127 6700 2743 2117 3280 3379 2826 2857 3008 3402 3957 2369 3146 2966 2515 7085 2751 5310 5035 3843 4894 4135 4501 3296 4167 6595 3538 4315 2943 4029 3678 3493 3887 2581 2901 1998 
4800 3785 2872 2247 6856 7290 3838 2566 4297 2439 2378 3246 2775 3057 3168 5913 3382 4122 3797 4810 4977 4060 5190 5869 3776 2305 2581 3708 6492 3384 3206 2558 4213 2609 3731 3088 3925 4451 3999 4542 2254 3092 2915 4973 2691 5232 3351 4701 4381 5045 4456 3404 2857 3272 4433 4814 3853 3032 3849 2217 1736 3303 2414 3075 2457 3675 3697 3988 2596 4898 3111 2623 3984 2307 2733 3694 5184 6082 4575 2640 4960 3265 4518 7352 3013 2703 2011 2246 4927 6039 2932 4628 2545 3836 3456 2327 2808 1646 1391 1058 
7322 3960 4285 4595 2024 6504 3439 5452 4105 3103 2918 3665 6883 2699 3032 4143 2234 5104 4067 4128 4239 3514 2324 6866 5408 3521 6682 3492 4810 4859 2144 3613 4653 5023 3161 2404 2679 2923 2469 4315 4184 4573 3359 3036 2656 2112 2821 3681 2688 4381 4851 2895 3669 2396 4812 2529 5967 4037 5420 3933 6081 4101 2611 3911 5700 2713 3047 3168 3021 2608 2931 3700 7894 2600 2132 3268 2837 2981 5498 3091 3361 4172 2092 8205 4070 4729 3106 3019 3181 3530 5053 1906 2377 1878 1807 1861 1651 1054 955 984 
5311 2741 5788 2706 2698 4648 3396 4352 2314 3387 4517 3182 2896 7211 4708 5517 2613 2271 3434 4738 4402 2526 3574 4446 2418 2780 4355 3351 4428 1863 2783 4346 3917 5014 4589 3355 4060 4752 3098 3160 3479 4148 3008 4252 5561 3806 4270 2438 2084 1681 3165 3952 1924 2900 2934 4081 3828 2437 4210 2065 2701 4141 4194 7636 4584 6769 4207 3069 3385 3183 2816 4916 4068 4469 3976 2810 4822 5029 4583 2942 4753 3447 3200 5561 2609 2305 5031 2812 2046 3535 3027 2652 4685 3321 2818 4459 3944 1799 1323 1062 
4199 5246 4335 3519 5096 4724 4998 3321 3773 2525 3316 3718 2941 5759 2114 4414 3633 2688 3466 1970 5031 3962 3135 2928 3797 4302 4875 5844 2647 3253 4305 2848 3657 4783 3255 3421 2429 2947 3136 6273 3088 2430 3544 3078 3856 3228 5781 3479 2991 3535 3448 4111 4998 2040 2883 3075 4713 2324 7210 3183 3051 3320 4193 7029 5445 2621 3574 4293 4644 2385 2827 2886 2160 4870 2451 3508 3282 2502 4179 2136 2985 4766 2964 3231 3046 1806 3416 3536 2318 2829 1935 2867 3925 4418 2488 5534 2783 3873 4432 2330 
5422 2811 2271 8522 4058 5365 3171 2804 2323 2364 4525 4370 7072 4656 3019 3170 7116 3594 3999 2368 4260 3064 2575 4845 3128 4407 4091 3398 3171 2747 2946 6507 2476 5411 3284 5534 2393 2981 6579 5150 2185 2831 3089 5928 6155 2130 4174 3144 3389 2079 2015 4869 3436 3873 3623 1619 3536 3735 5031 3489 2479 3523 1922 2856 6188 4328 4758 2767 2541 5049 3632 3885 2737 2930 2384 2946 3948 3175 3736 5408 2942 2868 3971 3751 5670 2837 2701 3506 4677 2375 2825 2674 1796 4431 3704 3571 2702 2569 1431 1489 
3330 3110 7841 5310 4753 5458 3846 4699 2467 3717 2807 4032 4091 3068 4287 3030 5114 3130 2265 2461 5226 4396 2717 4365 3546 5183 3254 5079 4682 5597 2184 5795 2238 3352 2710 3895 5063 3905 3930 4067 2169 3731 5355 1857 2713 2819 2483 3128 3378 3887 3168 3168 2637 4074 4983 4067 5187 3530 5053 3201 2725 3269 4745 2232 3149 3176 3720 4245 2524 2594 3203 3017 2711 3845 3130 2001 3635 3147 4274 5107 2856 7352 5649 4751 5334 2846 2289 2827 2845 4781 3717 2306 1509 2415 5631 4230 2136 1945 1508 1457 
4946 5088 4059 3341 5881 5585 2534 3212 4280 4372 2925 6197 4290 3392 4360 4085 4652 5328 3122 4089 5565 4168 3738 4759 4777 2721 2489 2431 3866 1929 4201 3054 3820 4898 3592 3415 2389 3016 3929 7084 2337 4244 2444 2625 2470 4103 3796 4952 2503 3007 4896 2929 3903 5304 3381 5238 2744 2927 3435 8209 2781 5526 4427 4619 2169 2127 2347 4682 4275 3609 3251 2415 3967 1955 4874 5844 3084 4275 3296 3498 5548 3450 4139 9321 4347 3757 3855 5254 3282 2798 1884 2911 2488 1780 1673 980 1045 895 855 833 
3293 4045 4893 5319 3048 4621 3017 3378 3509 3022 2523 4259 3989 3942 4612 2710 3587 2617 4641 3497 4543 4550 3554 3990 3504 2483 2822 5261 2827 4461 2921 3528 4054 3236 4012 4172 3283 3858 3564 3909 2714 2056 3443 3352 2975 2906 5869 3626 2215 4075 4213 5398 3929 4808 4682 5427 3933 2089 2731 2276 4197 3408 3199 4417 2947 3011 2531 3570 2993 3012 3472 3543 4292 2577 3702 5213 3771 6303 4633 5236 5770 3779 3264 2767 3079 2957 2097 2708 3720 3959 2544 2955 3330 3107 3733 2671 3398 1707 2638 2896 
5690 3815 6465 4186 5293 3694 4058 3411 5543 4763 3175 3114 4703 3259 3221 2684 4001 3006 3135 5332 4369 2377 3919 4039 6018 2886 2153 3606 5308 4136 2571 5718 4953 5374 2786 3253 3429 4510 5164 5095 3208 2785 3490 1880 3315 3442 4864 3123 6157 2766 4553 2904 3661 4245 1865 3927 3535 3689 4248 4189 2334 2865 2563 3661 4907 1704 1992 3039 2933 2937 3528 2347 4124 2991 5714 2473 3425 4393 2419 3038 2120 4600 2274 2897 4452 4729 2642 5089 2648 3671 2090 5276 4263 3610 2857 4914 2370 2532 1699 1643 
3313 4915 3212 4002 5380 4772 4020 2323 3821 4405 2880 3791 2230 3020 4410 2862 3750 4209 2832 3692 3734 2317 3164 5228 1653 3324 2131 3844 1919 2399 3156 1765 6115 2069 3044 3504 2935 3477 5355 3142 2993 3397 2921 3946 2751 3493 3163 5182 3925 1943 3113 2230 3471 4139 3672 2690 2444 2902 3486 2952 4004 4532 2743 1697 3339 2506 3153 2500 3573 3489 2951 4229 2284 2429 3012 2225 5677 2490 2900 2214 2874 4320 2445 4104 3663 3158 2855 3250 1481 3149 3296 2339 3348 5128 2759 3836 2879 3949 3077 2107 
4903 1928 6555 4530 4021 3613 2387 7749 4362 6191 4105 2916 3557 5573 2513 2934 3776 2976 2532 3236 3359 5029 2084 3498 3360 3242 3330 3383 3845 3072 4233 6491 5879 3377 3770 2793 2508 4798 2828 2618 4349 5021 4043 5461 5347 3884 3388 4937 2383 5750 4596 3200 3336 2547 1918 3357 4292 4388 4168 2374 4600 3054 2703 3059 2613 3068 1779 2614 2550 4197 3006 5103 6106 5409 3019 5952 4251 2266 3711 5275 3301 6027 3670 2426 4216 3137 2862 2052 3467 3360 3002 3528 4344 2770 1607 2860 2183 2048 1612 1142 
3117 4292 2848 3292 5536 3249 4019 3705 4247 3720 4690 3597 2606 2697 3359 2150 6606 4766 3808 4947 3779 4172 2497 5301 3474 4127 4290 5019 2023 2310 4216 3416 3628 4306 4314 3505 3804 3187 5679 3886 2353 3329 2794 3371 3104 3929 2685 4855 2879 2477 3430 2507 5493 2361 5727 2984 5442 5402 6631 4266 5203 2454 2468 3375 3818 2115 5447 3476 3417 2739 3223 2966 2777 6419 2686 3057 2061 1939 2615 2832 4388 2361 3397 2495 2935 2808 2939 2446 2207 2744 2143 2780 3681 2949 1727 2319 4030 2393 3351 5276 
4588 6435 5281 3161 5141 4317 4213 4701 3832 4713 5886 3206 4827 3987 4213 3228 3157 2853 3798 2841 3575 2165 4666 2932 2533 3551 2836 4718 3405 3904 2994 4124 3587 3876 2380 4863 3452 4251 2343 4213 6630 4307 2409 3397 2433 5429 3913 3513 3189 4242 3550 2827 3450 2500 3126 4972 1462 3900 2522 1797 4067 2184 2384 2681 2506 5592 4585 3400 3005 4295 3196 5175 4224 6843 4052 2209 1944 3126 2360 4263 3409 5515 3278 2965 3909 2541 3918 2036 2355 2865 2568 2762 4671 2179 2989 3574 2832 3405 3185 3645 
3654 4416 2354 3416 7443 3565 2702 3920 3456 2356 6002 3249 4058 5570 3196 2559 4988 4397 2809 5286 4505 2544 2256 5177 2972 3126 4328 4351 1870 2892 5547 3606 3676 4421 4157 3692 3454 2589 4498 2258 2355 4553 4835 3373 3507 4366 4002 3895 3904 4508 3234 3760 4571 2132 2898 3358 4348 2620 2111 3238 3278 4886 3896 2970 5416 3111 4118 1917 3070 3968 3686 2844 4298 2965 3488 3101 3658 2526 5624 3610 4800 2184 3126 3233 2945 3220 3468 4635 2564 3170 2494 2442 2467 5520 3685 2716 2829 2395 3794 3298 
