1075 2596 2170 5225 2051 2719 2536 2996 2272 3753 2287 1727 1904 6171 2694 4272 3294 1092 3195 3278 1510 1002 1124 1020 1991 2970 2318 2768 1494 3534 3264 1911 2105 4370 1147 3137 3089 2182 1607 2114 3933 3573 1452 4289 1430 3564 2108 2471 5295 1343 2261 3350 4825 2119 1608 3206 2374 3712 2692 2087 2618 1954 1992 2261 3365 5021 8442 3037 7511 1786 1376 1105 2845 1498 6115 3236 2311 1466 8205 2654 1573 2835 2442 2311 4243 3137 2596 4391 1792 1350 2866 1668 2417 10917 3560 4976 1090 2049 2371 1471 
1278 1436 6381 4444 1872 2810 3735 3521 2918 1699 4407 2058 901 2037 1947 1749 3019 1974 3770 2585 4713 1350 7000 2496 3279 3425 4652 2025 8025 2631 5334 1406 4845 4788 2354 2227 4311 3490 2076 2096 5364 2122 3031 2369 3036 1244 791 1797 2454 4664 4455 4298 1861 3929 4705 2948 3690 2614 2415 4308 1147 1454 4331 1196 1919 2307 1591 3690 3693 3186 2581 4256 4442 1602 2950 1932 1036 2871 1091 2903 3119 1990 3711 4415 1423 3302 3031 3638 2586 1845 1058 977 1150 1281 2869 1909 5179 4874 3130 2381 
2512 4566 2956 2583 6508 3921 1432 3101 2747 6020 2752 3659 2015 5218 3188 1160 7655 1814 2058 2452 2769 3659 1419 2439 3961 2959 1079 1873 2848 3290 2571 2080 5789 5831 5252 2757 2385 2948 1973 3880 2867 1166 1602 3767 3768 3694 3042 1737 2149 2920 3169 1621 1615 1888 3901 5311 1736 2460 1544 2039 3203 2297 2397 1654 2778 3121 2890 4229 2361 2894 3824 1852 1958 1426 750 3357 5018 1275 1026 2492 2313 3456 2987 1548 2046 2387 2789 3225 3601 2052 4343 2761 969 4240 3096 3982 2492 3865 1721 3133 
1373 3399 2937 1867 3375 1887 2236 3291 4767 3744 2808 3343 940 2916 2439 2509 2727 2594 1305 3902 1407 6897 2718 2211 4956 2040 3076 3080 1757 2334 1445 775 1236 2842 5573 5109 6797 3676 3714 2461 2355 2164 3054 1485 2014 2889 4541 1488 5108 1848 1462 2394 2328 1821 1401 2151 4283 6682 2295 1742 3147 3373 3424 1923 2576 1940 1454 1538 2465 2759 3522 1790 2022 4409 4080 3816 2222 1294 1206 2115 3877 1181 3677 1478 3361 4938 2166 4523 3577 3249 2568 3474 2804 1872 2000 2240 1051 1352 2413 3746 
1953 4361 1994 9026 1561 2888 6370 4406 1468 1238 4133 1908 4741 1150 3512 3060 2971 2513 2782 1995 2608 3386 2287 1400 931 5027 3273 1548 2569 2729 2758 4042 6983 1313 3083 1848 2103 2077 3627 2454 3777 3385 1605 1373 1729 5810 4002 1619 1640 2524 2463 2588 2332 3915 3378 1471 6694 4458 1676 2666 1859 5665 3046 2990 4780 3577 4475 3750 1323 2421 3970 1498 1737 2215 7404 4179 2316 1141 3164 2000 2745 3764 3076 1595 3623 3890 2212 3346 834 3238 6061 2761 1268 2752 3296 1354 1821 1118 978 1446 
1414 2232 2556 4069 2427 3130 3207 3687 4235 2450 3364 5238 2576 2652 3254 2772 1010 3180 2883 1769 6491 4081 2348 1708 2031 3055 4525 3158 1915 1617 3503 1556 2754 3519 2149 5063 3736 3446 2031 1913 2726 1540 2820 3294 2279 1212 3661 4724 3103 7514 2774 2557 3561 2106 5484 3154 4460 2242 1354 1719 2569 1622 2979 2227 1818 2683 3253 2320 3610 2900 1895 2174 2598 3856 2487 1659 1485 3146 8717 2552 4031 2690 2008 6349 2103 1829 1611 3610 4281 7533 2723 2268 2189 3332 3006 2498 1205 1156 1661 1843 
1623 2004 5910 2265 5051 2099 3529 4371 3026 1593 4511 2094 3537 4000 3197 4711 1874 1874 6047 3317 2266 1370 2896 4330 5547 2622 1310 2041 1740 2563 1777 3459 1361 1692 1666 1393 3224 5319 1837 3844 2409 5087 3069 2337 2198 4950 1774 3983 2464 4038 3924 1196 2978 2591 1761 4296 3692 3301 1816 2004 1153 2110 2379 3036 3169 7077 4030 1822 5694 3904 4301 3015 1245 3506 2506 791 822 4974 1983 1594 2814 2444 3415 4619 1854 1784 4314 2379 3091 3705 968 668 1457 2043 3405 1271 2423 2446 2068 1780 
1740 2524 3845 2028 3262 2603 3283 2552 3360 7329 822 1437 1814 3512 4097 3346 2693 3220 863 7599 3429 4145 3811 3862 1891 3246 1762 3744 4056 2853 1911 3019 2083 1757 1368 1751 2400 2737 1834 2263 2304 2326 1894 5051 3800 1435 1936 2539 4294 2604 3587 2570 5339 3482 3165 1193 767 4918 2500 3386 2346 4091 5937 3994 1339 3360 1496 4455 2060 2729 3226 4851 2151 1652 2377 3215 8352 4997 2296 1944 4228 2844 1889 4744 2770 2237 2745 8715 2903 4431 2525 1787 1042 2411 2462 1936 1060 1399 945 583 
1517 1880 5075 3443 1402 1097 3815 2347 1659 2614 2093 2668 2933 3461 1230 3418 1784 3240 3372 1489 3106 3430 7717 1933 3470 1762 2561 5369 2095 5483 1810 3005 3651 1825 3038 3638 1673 3433 2550 7860 3022 3198 1096 3527 1613 3787 2494 2021 3680 3278 3301 1863 2815 3847 1494 4442 1790 4129 4060 1080 3842 1462 1491 3070 4327 1616 4505 4441 3568 3374 2859 1765 4077 3420 5750 4641 1201 2791 2976 2527 2013 2479 3640 3495 2678 2415 3403 2547 3329 7494 2041 4607 2648 1194 3642 3064 2372 1112 1164 900 
2183 5266 2130 4657 3620 3340 1601 7140 2819 1475 1762 1705 2813 2941 6109 1600 1912 4109 1014 979 2425 2190 1987 2243 4149 3276 2831 2738 2424 3281 1549 3181 2702 5957 2426 3501 1778 3025 1249 1849 1704 2687 2185 3314 3713 3152 4177 2921 2519 1724 1551 1972 2139 2130 2391 3356 2168 1824 6168 3599 3673 4945 2389 2527 3288 3547 3684 2641 4650 3577 5735 3182 3796 2025 1553 1939 3632 1688 2691 2165 4509 5243 1460 2156 4458 1722 1489 5117 1777 3892 1989 6780 2394 4380 1785 1414 2965 3616 1652 1025 
1468 2302 3278 3535 2667 2341 1922 2226 4341 2635 3004 4220 4453 3561 2239 1117 5472 3540 3820 1540 977 1764 2491 2685 2589 1419 2683 1422 1687 3106 2033 1074 2430 1651 3202 4732 2573 2461 4339 3110 1679 2448 2102 1491 2705 2717 6069 2210 2667 2218 2759 2126 3274 3084 4286 4479 2129 3121 1728 2621 2248 3540 2564 2422 1545 2916 1397 4573 3619 3869 4155 1476 2189 4741 1558 1222 1431 4125 2576 2006 4489 2574 2115 682 1815 4355 2135 3955 3731 2727 3648 1937 2194 2385 1291 2504 3192 3236 2155 2799 
2318 2074 4381 2668 1003 3167 3182 4092 1931 2562 5186 3001 1174 3095 3549 1298 2199 5118 1639 4092 7227 3448 2503 3707 2787 4997 2115 10706 2668 3315 8396 1624 5556 2095 2519 3090 4252 4383 2714 3293 1369 1423 1293 3991 1685 3467 2107 4393 2342 1458 5294 4222 3838 1738 1073 6113 3614 4407 2517 1421 1910 2514 2435 2636 4528 4361 3343 4042 1588 5068 1544 2258 3801 1180 1665 2554 3289 2634 3838 2721 4787 2775 4640 1611 2901 2622 5713 1655 1087 2850 1959 1255 1841 1057 1056 1244 1474 1171 819 715 
1860 3339 9264 5041 1553 4396 2057 1289 2107 3576 4654 2602 2415 4291 2900 2487 10772 3738 5123 3492 4636 3180 6555 1371 1945 2927 3582 5004 1982 2047 2626 2517 1500 3023 2050 1519 3510 1162 3621 2470 2816 2082 5049 1781 4307 1841 3211 4284 2151 3633 1081 1477 2603 1593 4132 2109 2355 2402 2719 2351 5390 4202 3086 3061 6998 3370 2703 4628 1821 1406 8345 5681 3897 1834 3076 2225 2302 3515 3178 3279 1684 1613 6598 2105 1643 2729 1829 1859 2062 1879 2827 2510 963 1428 1116 1285 811 539 476 403 
2286 3914 5537 2559 5280 2076 2650 1869 4010 2347 7502 2590 4674 3158 3401 1132 1975 3631 1841 1664 3745 2893 5075 2762 1864 2111 1428 1459 2308 1649 1994 2058 2277 2870 3085 2238 2524 1741 1834 3093 2537 3497 2385 2360 2391 2037 4323 2607 7535 3988 1402 2771 1438 4376 4301 3293 3329 1728 3443 2939 1869 2614 2772 1888 2810 4268 3482 6386 2361 3536 4135 2445 2305 4459 4097 4174 3641 5623 1799 3833 2526 3700 4258 3276 3091 5621 7085 1522 1979 4887 1116 3383 1520 2652 1661 1216 1158 969 1065 593 
2232 4470 2120 4307 2266 1420 1833 3278 2366 3675 2431 6387 3768 5533 3465 3791 4087 1051 1820 2544 3901 6546 1905 3117 11602 3898 4381 1418 4839 4322 5351 2397 1690 3723 1990 1383 3525 3272 3172 4056 2082 2408 1513 4156 2486 4139 3392 2619 2067 2334 2143 2111 3706 3206 1570 4014 2791 1799 1881 2397 3454 2699 2412 4732 1191 3151 5010 2536 4123 3755 2221 2041 5832 5310 1322 1977 2310 1768 5111 3073 3144 3309 3677 8757 1529 1621 2334 1979 2676 1900 2828 2736 1467 1626 729 717 483 341 383 355 
2854 1828 3177 2775 1849 1761 3050 3678 3875 3339 2324 2791 4391 3633 1918 1491 2631 3994 3816 2640 2178 1296 1045 1667 2200 2660 4584 3159 1891 5425 764 974 1976 1264 3558 3360 1646 1575 2322 1800 5203 2009 1687 4008 2094 2551 2504 4539 3148 1780 3472 1168 4515 3192 4384 5318 3479 3317 2015 1556 3114 4180 6960 2192 4167 3245 1606 1170 4329 5835 3095 2397 1617 3110 3445 1555 2158 1175 1521 1112 6906 4039 5179 2550 1552 4774 873 3625 3311 1094 3535 4344 2335 6884 2160 5043 2742 2329 1802 1403 
1652 2445 5515 2277 2557 3440 4177 2492 2374 2683 2858 6934 2898 1704 2648 1399 3165 2875 1230 7076 3440 2901 2920 3899 1645 1669 1252 1958 1477 2647 2142 6500 1695 1137 1535 2544 5478 4333 4598 2991 2046 2061 1834 2596 3282 3688 3389 2812 2080 4644 2814 3232 1810 2017 2487 2091 2229 3673 3916 1380 2738 1108 5163 2064 1963 1355 1706 6697 6206 5654 1380 2796 6262 1274 2164 1920 1754 1683 1097 3775 1896 2013 2302 3853 5337 1055 1223 2493 2216 5475 1926 1876 1836 2137 2089 1092 1145 2392 3104 4007 
2103 4263 2411 3288 1827 1927 3820 3126 2827 2070 2778 2501 814 1647 2267 4238 2180 2084 3270 11465 1763 3464 5996 1159 2845 3189 2029 2257 3429 2348 1520 6875 2855 4259 4072 2576 3395 1064 2657 2470 2371 4103 2323 2389 3886 1138 3287 2924 2141 3272 2365 2425 1943 2205 4705 1808 2553 4341 2433 4765 2698 1806 2330 2934 1970 6023 2502 4148 7455 2721 2022 2047 3491 2112 4681 1288 2208 3439 1054 2422 2260 1906 3050 2461 2732 1562 2040 3112 1302 2686 2563 2730 919 677 1899 2685 2070 5845 2149 1688 
1548 2775 3792 3572 3736 2191 4391 2884 2228 2210 1566 4590 784 1986 3299 2429 1829 2279 3603 4776 2996 1406 2207 2683 2231 2038 4329 2275 4409 3202 6776 1424 1531 1303 4179 6271 2000 2970 3239 2547 2302 1822 1961 1652 3691 999 1937 3208 9450 2010 3073 2108 2291 3225 2472 4241 1730 1186 780 1595 2885 1834 2082 6845 2395 4005 2156 1210 1777 1341 4192 2313 2415 2977 3811 3135 2412 2048 1819 1790 2118 1416 3973 4108 2409 2569 3624 3067 3232 3639 5914 2379 1869 2796 2812 1602 3741 4556 1041 1512 
4683 2626 3157 2718 2468 1448 1674 3011 1684 3515 8204 2331 2725 3859 3439 2144 5458 989 1115 751 2016 2901 3075 2714 3279 1101 2150 5849 2580 1022 2200 2898 4398 3137 3182 2332 3285 1228 3849 2205 2642 1672 3654 2842 1644 2008 1667 1949 3810 3220 5516 2502 3353 2706 3304 3841 5824 2275 3445 2068 3376 1538 3124 3873 2966 3340 1788 3083 2096 1228 2474 2278 1524 2093 3457 2544 5783 3746 8159 3244 3907 2211 4004 2825 4635 2800 5649 3598 3143 818 1040 2890 3548 1525 2884 2785 2056 1874 2368 1558 
3360 3157 2094 2709 2384 2866 3577 1801 4624 1981 4163 2696 1725 5089 3283 2775 3811 2157 2308 3418 1071 2512 2185 1582 2310 3814 4325 1134 2185 1523 4155 2241 3102 779 2903 975 3274 4675 1621 4188 2168 3392 5071 1507 2312 2521 1320 4455 3411 2046 3686 4194 2480 4545 1611 3599 2231 2228 2086 3230 2332 3094 2637 2460 2370 3634 7897 2421 3610 2933 4102 2526 2149 3478 2629 8067 1890 1401 4769 1604 2526 752 1677 1289 3621 2238 2988 2954 1142 1604 4589 2720 3750 7851 2880 1052 1322 3181 2456 1708 
1751 3840 3680 3550 1997 1646 2965 3271 3368 5437 2919 1106 1285 4524 1643 1602 2429 1791 4079 10513 3031 2619 3282 3364 2859 4526 7407 2608 4502 4864 4934 4983 3175 3588 3450 5954 2088 2858 4182 1830 2915 2095 4313 3479 2127 2457 4329 6401 1975 2024 4131 1960 1271 1125 1691 3530 4637 2855 2693 2052 2547 2621 2586 1609 3877 1768 3306 3136 987 1200 2213 1225 3454 1650 948 1633 3377 1350 4217 2482 1945 3964 2778 1954 1643 3008 1992 3134 3192 1816 662 1727 3128 4717 4563 4390 2335 1755 1008 819 
2042 1434 3677 3570 2007 5052 1797 3874 2576 5070 5110 1460 4262 3291 2439 8467 6336 1713 1894 1497 2165 2008 3429 2389 4518 6564 5269 3465 3237 2017 2353 2735 2119 2705 3551 1856 1590 2612 3180 2013 1253 2102 1570 4590 5266 4254 2627 2540 3793 3319 3179 1961 4446 6211 2964 3119 3852 2783 3125 2195 2847 2848 4291 2975 2848 2209 3984 1954 1786 1283 868 2824 2462 8867 2814 2587 2239 3498 5645 1959 1420 1542 2615 1998 2697 1673 8223 3106 1607 2408 1602 4295 1698 3281 1281 1905 1132 807 707 409 
2969 3541 1695 1474 5417 4557 4707 1821 1389 3846 2008 5645 3200 2896 3582 4183 2482 9246 2586 3809 4807 1692 3346 2702 1070 1176 4671 6358 1869 2935 1897 1489 3266 1925 1298 1254 1676 1486 2125 4226 3997 2093 3060 2557 4654 1434 2123 1424 2435 3124 1949 4375 2227 2444 3841 5478 2453 1850 4868 6248 3500 2708 3084 2335 3016 4597 2918 2507 2078 3821 3115 1921 4092 2008 1150 2381 771 3121 1725 4441 2854 3446 4529 5075 2594 5449 1340 1810 3237 4520 5751 2273 1899 2619 1551 1318 2094 1523 1138 835 
1985 4487 3780 2552 3159 3878 5019 5186 6742 2313 3142 3499 1499 4277 4304 3030 4149 3804 2654 4212 3209 1838 4331 1733 1199 1611 2527 5643 1365 2244 2540 1489 2226 4485 2111 2007 4895 2608 1828 1429 1505 2383 3222 2366 3155 2199 1289 1415 4164 3061 1662 5278 3597 1326 2534 1131 975 3910 1137 2320 3028 1739 1576 3894 3733 2279 2364 2260 2983 3299 3247 3048 1854 2013 2202 3838 1128 5132 3163 782 1072 1211 851 1102 1839 5507 2402 2819 2251 1903 1253 4054 2594 2026 3884 2483 3844 782 1689 3583 
2591 3023 3526 1829 2209 2848 4680 5586 3183 1828 2031 1197 1454 5876 3419 2152 2703 1138 4531 2150 1609 1976 2765 4442 3932 1433 1358 3460 3230 5520 2229 3606 1800 2374 3409 1402 1651 3695 4665 2538 3692 2735 2956 2677 1873 2849 2531 3609 2592 1795 1040 1246 2306 1714 4495 3634 2430 3199 4096 2817 1979 3267 6146 2708 2507 2493 3244 4621 2755 3204 2568 2327 5254 1789 2556 2493 1174 3328 2505 1056 5074 2705 3787 4566 1787 6705 3435 2591 3977 2194 2378 7997 1854 5209 3058 2002 1649 1412 1295 1500 
2369 5802 4397 4837 3255 3067 3384 3709 5937 2252 3014 4460 1636 3278 2492 1572 1239 835 796 1352 1948 3803 5532 2111 1085 1595 2189 2610 1954 1651 1100 1971 2355 2185 2106 2647 2356 2280 1650 2276 3663 1779 4353 1801 1756 2168 3351 6261 3352 1780 2093 6725 2056 2009 2772 3471 3789 2299 3116 2449 4002 1826 3160 1233 4643 1407 2480 6815 3784 2295 3838 2329 2124 2328 3101 1244 5140 5237 1661 2824 2819 2224 2017 3225 3175 2934 3628 3453 1796 3411 1416 6008 3888 606 1225 1611 3916 2476 1709 3345 
5975 1314 5545 1384 3042 4353 2171 1622 2986 3393 955 4857 4573 2999 1709 6766 3512 1247 2126 4092 2077 4428 3933 3379 1094 3051 2395 2255 1436 2210 1263 5894 6069 3104 2953 2433 2346 2473 3144 2830 4266 2037 4876 2157 7288 3003 2904 2686 2996 3375 2120 6555 3912 3577 2319 1933 2211 7201 2129 4459 1003 2676 2146 3079 2885 3040 1771 2270 2587 5190 8568 2554 1397 3041 2004 4928 4683 1773 2496 4509 3127 1875 4075 2223 2140 1564 1667 2905 1940 2478 1554 2808 2248 1176 983 1207 1773 1195 760 643 
2385 5048 4085 2597 1973 1674 1613 4800 2861 3930 1641 2325 1833 2787 4369 4268 1827 4015 3520 1647 816 2902 2690 2083 1653 3075 2894 2539 3615 7476 1497 1919 2014 1782 1107 1791 3356 1150 3006 3187 1143 1564 3068 3845 2372 3472 2037 2367 3134 3428 3797 3229 713 1649 2662 2562 2451 4923 3440 6386 1338 2309 6785 3509 4149 2313 3257 1467 6551 3417 5503 2270 1976 4787 5482 5614 1670 1963 3840 3433 3430 2254 1967 4595 1033 1930 2686 2409 5032 1168 1192 1214 1851 1864 2172 746 2622 1890 3263 968 
2909 4420 2917 3107 3152 926 1620 2747 1271 3944 4835 4668 2702 2511 2080 3318 1062 2941 1812 7102 2941 3593 1669 1414 2032 1409 2833 1273 2229 3364 2014 2374 2724 2297 3699 1747 2714 2612 2409 1994 2144 1223 6883 3169 3069 2889 3122 7181 1583 6394 1630 7272 1732 3697 6291 3760 2837 4132 3142 3247 3589 2883 5085 1976 2741 4552 2123 3229 5325 1726 5668 4957 1659 1230 1853 1860 2192 880 2266 1339 3078 2431 5020 1217 3864 3147 2576 3009 5876 4836 1698 1164 2821 3721 1629 1911 1892 906 1034 1370 
4135 3488 2488 2298 2489 1922 2295 4024 5213 1815 1428 1083 2240 1586 3715 3229 6502 3681 1103 5819 2062 3441 2556 2138 1599 1401 3379 2516 2313 3054 1824 1601 2734 4562 3634 1726 2119 1924 1798 4146 1684 3043 3515 3413 2154 3897 2062 2568 2198 1688 3390 3288 6963 3336 3389 1560 4602 1189 798 3580 3390 2019 1642 5519 2599 5213 1618 2205 4270 3594 1492 5660 4781 3180 1873 1104 1584 3419 4223 5368 2828 1444 3226 2642 2595 2221 2584 3149 4040 3757 2477 2819 867 6775 3895 2571 1863 2241 2048 1180 
2231 4700 3749 5758 3107 4216 2101 3104 2374 5727 3273 6704 4181 4283 1573 8183 2650 1695 1098 2329 4101 8474 1336 2959 3141 4457 1848 3122 3427 1742 1854 4382 1758 1484 1852 1520 4157 1074 2205 4439 1312 1578 4979 2242 1240 1470 2859 2079 2130 2784 1958 4449 4709 2223 4555 2010 2690 2614 2344 3320 2532 2685 3166 1713 4598 3186 2679 1942 3957 1730 2851 4487 3364 1596 761 813 1918 1002 4518 2200 2859 2231 1486 1896 3412 1630 2957 3329 1821 2297 2290 1745 5422 2689 5267 2795 2136 2583 1508 1635 
5214 5856 2711 2316 2062 4140 2047 1916 4822 4933 3764 1309 2055 2770 4691 3482 1728 1257 1454 1956 1242 2658 1533 2527 2650 2002 1093 2327 1516 3468 4955 1497 2315 3560 1675 1655 3453 5283 2891 1982 2008 3512 4980 4771 3434 3612 2168 1784 1818 1828 3353 4408 4440 3174 2878 4400 3377 2993 3494 6082 2132 2050 2156 4161 1250 2372 3852 3622 3813 2833 4207 2601 6849 4021 2426 1858 1418 3799 2110 1621 1961 3911 3164 1977 2437 2517 3704 3385 2205 3672 1963 2650 3397 2498 3784 2672 2620 1582 1722 2823 
3728 3300 2681 1370 1787 3454 2952 3365 2105 2705 3081 2139 3777 2191 2535 3250 2040 4656 3220 969 2197 1255 3670 2764 5830 2358 4591 5072 1738 1319 1220 2822 1340 1598 3176 3765 2082 2735 3137 4545 1820 2962 1507 1569 2258 5790 2282 3193 2640 3221 2734 1287 1522 5292 2556 4561 4071 5915 2666 2691 1453 5601 1292 6289 2618 1337 2206 3321 2426 3812 1727 1776 2522 3341 2655 2980 4011 3139 1107 1757 3880 3049 1306 2445 2054 1528 2099 5318 3990 2019 5462 2629 7315 2507 2888 1048 2656 3277 2284 1792 
1906 3380 12752 2823 3061 2442 2149 1450 8010 2667 2563 986 7157 4639 2757 1738 1762 2209 1604 1782 1912 1364 4449 3653 2661 2466 1009 3975 3293 1915 6614 2378 3321 1947 2289 1936 1602 2248 2972 3087 4669 4290 5338 1594 1893 2367 1349 1859 3660 4629 2017 5815 2415 2633 1577 4780 1034 2953 1627 1608 3952 2885 1847 1772 2993 2387 2328 2762 3589 1728 1939 3377 4578 5254 1982 1644 1404 2359 1615 2516 2816 704 2796 1429 3276 3853 2609 4099 5390 2094 4260 2302 2773 2371 1605 2917 2994 2374 2110 1539 
5244 2896 3291 3156 3716 3666 2545 3945 3240 4644 1947 2673 4470 3213 1513 1493 1589 1592 2786 1817 1795 3583 4315 3490 4036 5483 1618 1280 2485 2483 1544 5745 1402 1330 3729 1093 6998 3228 1964 3449 2392 3951 2551 2294 2678 2282 2559 2678 2597 2324 2861 2105 6000 3217 4885 2871 2776 2483 1971 3736 3631 2340 5658 1978 4144 1775 2483 2770 1570 3437 1959 1282 4277 3879 3457 3986 1416 1434 2613 1933 4345 2723 1893 1488 1132 2129 2300 4213 1435 3423 3030 2794 5328 4202 2306 3484 1615 1312 1417 2389 
1844 3649 4223 1599 1792 3542 1955 1511 1984 2791 2094 6356 6373 1202 3289 2455 6140 3612 1193 1592 1315 3170 1424 2616 4142 2666 1702 1617 2622 7994 3919 2475 5684 1811 1623 6524 3577 3799 3375 3822 1460 2449 2352 1623 2146 2057 6802 3587 4338 3710 3928 2427 2781 2133 1297 3493 1553 1450 2503 3086 1798 2067 2537 2481 7001 2136 4814 2652 2146 2445 2755 3413 2677 603 3499 1429 3670 904 1323 3479 3900 3744 2737 2094 3119 3070 2161 1758 2557 3675 1674 2159 5578 6037 3390 1615 2872 1193 1273 1517 
2503 5344 2484 2751 1685 2712 1284 2251 4508 3855 2976 5446 3236 1146 3258 2235 1848 2916 6682 3027 2471 2812 2171 4472 3645 2267 3941 1765 3200 3788 3811 2557 2568 1020 1653 1124 6660 5011 3331 3387 3760 5848 2178 3016 1279 2498 3590 4694 5996 3996 6768 2305 3134 1572 1835 1645 3900 2269 6051 2660 3402 1946 2133 3002 2526 3150 1572 2489 1926 5905 2476 1649 831 1764 885 4610 5691 2155 2996 2543 3865 5900 4755 3519 1967 1940 1526 3125 2665 1004 3617 1985 3128 1159 1241 1490 1208 1037 1373 1584 
5861 2160 1604 2664 2012 2335 3966 5153 3080 2499 873 4425 2205 2004 2893 3339 2090 2724 1142 9752 2676 6579 1546 2374 3029 3348 1170 1563 1870 2192 1598 2971 3190 1914 6047 2048 1520 2713 5160 5310 2140 2575 1978 4731 5107 2278 4280 2772 4280 1733 3643 3620 2010 4373 1627 3298 1671 1874 6453 3042 2928 2519 1735 2442 2077 2344 2160 2653 2711 2612 2270 3986 5427 3494 1424 7477 5523 3879 3045 3835 2679 3543 2742 2382 1781 2525 6131 2980 2324 3112 2290 1912 1479 3500 1389 1702 1842 1383 701 506 
4400 2298 2047 1381 4845 3528 2921 3161 4414 3486 5330 3878 1807 5870 3678 2092 1185 1036 2463 2539 2517 3317 1508 3648 2064 1826 1104 2000 8415 1802 2214 2606 6869 4380 1261 3294 2990 2637 2375 4098 3622 3261 2818 5523 7564 3075 1398 2205 1672 2597 2933 1220 1054 1954 2534 3757 3331 1430 5498 3226 3320 1575 1107 3135 2440 3742 3812 2007 2160 2498 3243 2472 4374 6346 1559 1288 2043 4821 1859 5070 2901 2117 1926 3398 4502 3651 1759 6728 2638 1950 4076 1434 2198 1543 3557 2244 1214 2806 715 608 
2843 3422 2077 4167 5072 1266 2073 1627 3441 2023 3955 1565 830 2644 3731 1926 1858 4704 1868 1225 1013 1183 7438 2645 1332 2353 2640 4679 2563 2758 2903 3304 2678 4087 2464 2704 1765 2402 3046 5577 8084 1394 1950 2497 6541 2270 1770 1231 3799 3142 2482 2902 2411 1354 2513 2367 3675 1998 1197 2439 4817 2080 3783 1804 4882 1537 6264 2655 2088 2551 2740 2538 2492 3246 3958 1442 4341 4546 8473 2408 2580 5791 4295 4429 2550 2825 3562 1616 1721 1118 1293 1153 2926 2351 3916 2048 2603 2507 1461 2797 
2393 1282 4328 2153 2055 1781 1761 2110 1162 2272 3965 2848 1730 2315 3513 3675 1680 8134 3155 2853 1086 934 970 2643 1947 1742 2806 2778 1929 7842 2022 7442 1338 2966 1557 4060 1741 1784 1984 1489 3901 4071 5169 1554 1732 6040 2296 2864 2419 2580 4782 2921 2575 2473 3935 1198 6615 1666 3610 2825 5066 5020 1311 1610 3219 1880 3500 3016 6166 2257 1430 1524 5473 1524 3381 1237 1839 2460 3662 4377 3411 3096 2467 1508 2784 4752 2538 4479 2471 6060 2188 2115 2615 2537 1899 986 1783 1721 2532 1753 
4799 2563 5778 2587 4750 1214 2917 3189 2163 3843 2464 1382 6809 4168 3116 2272 2320 1226 1707 1503 1991 2597 8788 4678 1813 9419 3751 2032 3109 8785 2117 3610 1961 1925 3488 2288 1875 1950 3803 3591 2085 2222 2464 4392 3327 2863 3024 4039 1991 5363 1339 2184 934 5852 2061 2036 1736 1478 2652 1930 5818 3426 4496 1297 1447 6149 2321 1649 2739 1066 1181 1923 3373 8344 3251 1226 1960 4398 1546 1672 2275 3088 1975 2965 3676 2190 1272 4411 2897 4687 1657 2518 2929 1292 1456 1543 1689 1485 902 1300 
3140 4579 3176 2285 3450 2277 3105 1570 3255 2927 5572 2297 2554 3902 4041 3996 994 1032 5263 2845 1918 2187 1860 3007 4810 1087 2362 2824 8493 2455 4676 1047 3913 5361 2484 3972 2340 4174 2623 2308 1472 1633 2614 3275 3823 1617 4139 4374 2035 4153 10927 3153 2858 2689 1990 2224 3122 1630 2778 1660 2156 2471 2977 2258 2491 2774 3782 3060 1848 9517 4599 1123 977 1604 3897 1718 3035 3789 2281 4116 2315 4724 1145 2679 3117 911 7272 7781 1542 1743 3614 2523 2299 1614 1047 1374 684 562 384 390 
2117 4892 2291 1295 2829 3244 3762 3612 2196 4356 962 2954 2750 2392 2450 3920 1525 2175 2201 4699 1081 1076 1636 5947 2829 4929 2701 2186 2122 1990 912 1152 1320 2569 3235 6834 2236 3208 4360 4386 2262 909 4222 1773 2787 2185 3605 3021 2441 4065 2563 3945 2754 1867 4037 2773 7644 2208 3429 4171 2752 3016 1656 2652 1884 2807 2509 3656 2435 3243 1780 2145 2200 3114 4363 4614 2240 1654 688 1216 2063 1720 2062 2925 3318 5043 2411 1954 2226 2534 1568 2431 2293 4737 5841 4514 1424 994 1674 2234 
5230 2686 1457 2803 1181 4316 4536 2863 2880 765 3883 1253 2580 2756 4924 2076 4516 1467 950 3021 1959 1979 4252 2541 1546 2390 1827 1745 1920 1951 3255 3145 1965 2738 2499 4597 2006 2452 1635 1241 2412 2401 4773 3792 2886 4732 3334 1831 3456 1503 1845 2123 1133 2640 3649 2855 2690 2221 2270 7179 1688 2564 2892 2001 2926 2307 1797 1628 1177 1773 3429 3075 2808 4337 1373 3911 2925 3135 4297 1813 3540 1054 3392 3518 5372 3322 870 2787 3760 4458 3971 2168 2209 9140 794 2327 1203 4014 5680 2851 
3237 3398 5512 1326 1869 3693 1647 2354 2324 3286 4821 3023 4276 1817 1760 4537 4268 2932 7248 1996 2015 3567 2298 5148 4287 1100 2182 2162 2834 1767 3278 1120 4725 3874 4761 5413 5535 3639 5745 3240 2155 2608 4092 3466 4043 2642 1069 3084 944 3352 1299 1958 1961 2150 2612 4007 1253 4680 1708 3242 4949 1184 1334 1250 1750 1494 4130 1288 1440 1481 3797 3084 2861 4574 2754 3709 3271 3155 3944 4695 1987 2111 3683 4466 2628 1692 2004 3155 6889 1424 840 5306 2899 2782 2561 2075 1045 2113 824 1630 
2990 3849 3593 4130 2691 2598 4505 1508 3989 1602 1078 1476 1498 3467 5496 2437 3081 4615 1630 7379 3433 2148 1503 4405 3159 2592 3200 3319 3361 1417 4364 3838 1934 2776 2880 2110 8084 4710 5201 1130 3132 2450 2726 2566 1346 5059 2987 5378 4848 3930 846 781 3939 1126 3173 1828 3134 3237 2369 2886 2266 1938 2648 1771 3634 4489 4277 3604 4315 4875 1390 8549 2842 2078 2284 5721 2768 991 2263 1703 3846 1829 2291 3150 1945 7387 1737 2188 4023 3715 1189 2715 1945 1313 1414 1085 736 1325 653 622 
2276 2268 3353 3186 1750 3109 1556 2353 2167 3112 3205 3078 2374 1466 2971 1901 4035 2211 4001 3423 4399 2248 1335 2917 2140 1978 3079 3796 3204 1821 2342 8558 2869 3148 2855 1856 2959 1919 3873 1390 3020 1534 2798 2698 2439 3429 2717 2094 2354 1364 3033 4472 1694 2542 2325 1802 3339 3018 2071 2796 1217 4082 778 1659 2490 3769 7012 2971 3737 3565 2087 2748 3374 3069 2080 1346 2328 5063 2048 2130 1890 8443 6896 3776 3169 2949 3963 3533 2237 3885 2188 8241 2238 1991 1423 2471 3458 1128 1786 1579 
3707 1776 2057 4354 3372 2384 3211 4702 2623 3448 2157 1939 3948 2642 1662 2800 2513 2341 3252 6906 2731 3811 1957 2413 3070 1558 3166 1963 2006 996 2938 5723 1537 4278 2206 3846 2086 3538 2658 3708 2645 1914 5090 4588 1970 6605 4805 4231 1995 2282 3725 2539 1591 1405 3140 2990 2537 3033 3147 4286 3414 5126 3262 1569 2771 3533 2599 1553 2165 2786 2280 3368 910 3845 5274 3091 5667 1050 4878 3815 4069 3270 4913 3047 1198 2805 2487 923 972 3276 2564 1023 3635 4412 4471 1155 1503 753 668 1139 
4327 3320 6081 1946 3965 3071 4052 2849 3388 7043 2002 2036 5588 1854 3492 4084 1277 2238 3233 3005 1283 2455 1388 2495 3995 7930 2732 3894 7941 1868 2797 4107 2103 3368 3201 3776 1955 3282 1425 2038 2117 2030 3844 2321 2754 2203 1940 4933 3964 7093 1651 1989 4080 4679 2545 2025 2168 2652 5501 3074 2235 2788 4980 2683 1635 1976 2952 4491 2831 1837 7612 4931 1769 4691 1716 3446 1994 3744 1744 2398 2581 1757 2887 1140 998 930 2984 3382 3490 3530 1371 2521 2450 2969 1212 959 1088 823 471 361 
3456 5165 4235 2133 3054 2771 6046 1716 3258 6359 4822 2684 2840 1311 1343 7403 3702 2823 2219 2301 2409 3324 4503 2608 2870 1167 1600 3858 1798 3331 3980 2159 5272 3703 3282 3041 4642 7546 3370 1582 2384 1864 1550 1743 2578 2289 1744 1256 2544 2906 5097 6137 2839 1605 2205 1949 1319 2263 5369 2789 4505 5851 2228 1804 2846 5034 3274 6490 2427 4687 4003 3929 3926 4481 2698 6580 3300 2699 2228 4491 5560 1506 2364 4442 1890 2979 2307 1600 1989 1602 1329 1344 736 633 531 366 362 312 325 346 
5037 3689 2214 1383 4180 3746 4240 2300 2155 1992 7469 2564 1643 2591 5424 4337 1083 808 2044 2573 2422 1744 3486 1946 3192 2935 2973 8134 2098 1958 1901 5529 2015 2261 974 3062 1803 3988 3294 2055 4221 3469 3736 1849 2222 6132 1485 2085 5183 3413 3839 3720 5122 6134 7565 2861 2398 4066 2696 3126 4078 1391 2495 5520 2132 2942 1941 4894 2874 1598 3866 928 3062 1909 2466 1713 2553 3442 2477 1147 2644 4630 1683 3210 6184 1052 2244 2038 1850 1763 2012 3147 3328 3911 2393 1270 1023 1238 990 754 
2596 3435 1340 4730 4324 2888 2692 1895 2736 7439 2200 3672 3348 2903 5783 3325 1111 1812 2082 3370 5975 3812 3098 3617 3121 1281 1882 2594 5652 3898 1596 1232 2272 2105 1857 5282 2017 5632 2919 1839 2954 3373 4407 2225 2897 3145 3386 2862 4769 2669 2201 1933 2278 3861 6372 3561 1668 3658 3915 3705 4417 2399 4383 1152 1893 3197 3152 1934 3623 1402 2609 3373 1094 1463 1096 2664 2071 3750 4991 1605 5226 4890 1894 2950 1578 4589 1863 1842 1460 2420 1088 2199 2581 3274 1701 3132 3382 1022 1359 1235 
2172 3101 4858 5618 3833 1227 3163 4327 4110 5002 1817 2964 4269 4417 3011 9169 2723 1866 2140 3988 3416 3002 4418 2730 2934 3838 1751 2219 3015 1162 1205 2596 1461 2413 2878 2681 2944 2740 3367 3097 4744 1711 3050 6315 4010 4907 1209 2840 4855 5710 1313 2630 2338 3166 2817 3984 1832 3396 1277 2351 3339 2526 1320 1111 2541 4841 1184 5713 2976 1873 3051 7091 1092 2880 4946 3064 2963 1894 1139 2710 4004 1743 2281 1695 2131 2652 2125 1219 985 2208 3492 1130 4809 4876 2370 1503 1589 1077 1579 764 
2120 2295 3121 2136 2865 1753 3571 3795 2994 2098 1491 3972 1215 1073 2641 1901 5825 3603 4639 3242 1451 4149 5042 2760 2124 2472 2762 2025 2494 1060 1061 2853 3012 3388 1366 1930 1963 1858 1360 3772 1136 2561 905 2943 1830 2276 4030 4068 3064 3561 2354 2685 3817 1715 4116 3781 3448 2203 1893 4365 2435 2673 1906 3219 3984 2890 1656 2738 2081 3821 2954 2592 3950 1501 2509 2232 2401 2915 1660 2541 4624 1859 3265 7681 2848 2270 2130 2599 4597 2685 1507 2795 2482 2801 3084 2430 7008 5895 4691 1984 
4228 3759 2359 4228 1971 5021 2278 3844 1440 3759 1232 3201 1694 5410 2060 1085 2208 3074 2365 6634 3730 4663 2490 1990 13295 3088 1751 3464 2429 2050 1146 2119 1582 3897 3275 2613 2088 3414 1627 4551 1596 1281 3479 8017 1141 3642 2502 2806 1781 2454 2608 8248 1939 2773 7033 4782 3517 2389 3346 1931 2569 3240 2481 2614 3888 2643 1780 3977 1257 2557 5054 1271 1668 3264 5134 3057 4183 4940 5740 1226 1266 2804 3485 4912 2118 5821 2350 3267 2002 2177 1998 1556 1540 1183 972 684 610 433 367 351 
2100 4037 4290 4157 3650 1713 2912 2187 1030 4182 5318 2777 1751 4616 2658 1969 1368 3857 2574 958 1350 2180 4922 1919 1994 1388 2478 1245 2970 2310 7499 2556 2665 999 5618 2097 2639 4497 3345 2379 6058 2479 1941 2062 4987 3406 2178 2058 4898 2631 4317 1972 2352 1587 1688 1295 3941 4236 4135 3295 3160 3083 1950 2971 2868 4507 1826 2546 1681 2230 2039 5413 2290 4361 991 3995 6051 1431 3435 1239 2379 3774 4485 1349 1368 3825 1588 3618 3865 8629 2094 2493 3075 1221 1332 3318 1752 1553 2174 2329 
2426 2712 4088 1624 2710 5195 1574 1436 4724 1864 2720 4369 1552 2823 1906 4278 3320 1051 3887 3492 1074 1602 1964 3441 1832 5579 2703 2463 2117 2219 7647 2071 3769 2232 2949 1590 2225 5364 1268 3229 2710 2552 4246 2679 3712 2293 2040 3165 2764 3321 1819 4277 3351 1706 1118 3337 1985 5700 4583 3810 7228 3457 1729 2191 4765 2288 2389 6233 2983 3145 6544 2425 2295 8497 1386 1924 1883 3226 1590 2744 1692 1833 3710 3215 4341 2291 1836 1643 1581 1544 1935 3646 1673 764 3282 3576 2345 1823 1581 1636 
3114 3123 2908 2631 2446 4516 3839 3416 1828 1353 1824 2058 911 3085 2625 3475 1787 3800 3812 1150 6413 1728 1477 4551 4400 903 2912 5046 3476 1631 1352 3512 2155 1836 1576 6823 2855 1374 2056 2869 6458 1304 2038 2153 2123 1572 1853 3325 4804 2754 4030 2046 2513 5217 5191 1942 1840 1656 1447 2875 2594 1364 7193 3681 1384 1860 1400 2974 1719 3592 3529 1501 2241 3029 1919 2403 3027 1306 1152 997 2626 2729 1237 2850 1548 2542 4719 4601 2010 2072 3110 4365 4310 2138 4341 2654 6780 1721 1537 2438 
