4333 2760 3742 2092 2110 2920 2596 3781 2620 2126 2717 2423 2159 3304 2066 3401 4101 1931 2316 2104 1858 1734 2070 2179 2550 1607 2455 3341 1757 2409 1629 3797 2279 1911 2950 2703 2598 1678 2124 2104 2505 1819 2189 2042 2762 2901 2834 2963 1965 2515 2650 2772 1862 1707 2608 1811 2194 2159 3051 2496 2097 2348 1640 2311 2756 2524 2941 2362 2519 2683 2651 2953 2437 2040 2126 2027 2451 1979 2323 2774 2752 2060 1664 1817 2431 1713 2237 2140 2552 2922 3849 2311 2645 2506 2565 1785 1692 1555 1090 908 
2760 2674 2500 3308 2913 2129 2408 1996 1670 1539 2426 2241 1986 2829 2574 2300 3039 1927 2560 1776 2092 2628 2742 1870 2895 2625 2170 1587 2442 2446 1553 2430 1750 2403 3300 2816 1653 2000 2282 2554 2478 3024 2560 3079 1936 2941 2103 2364 1825 2501 2731 3154 3438 1623 2686 2199 1784 2361 3336 2280 3089 2014 2021 2150 1939 2227 1959 2120 1943 2042 2539 3230 3083 1796 2234 2129 1636 2357 2211 2459 3180 2107 2349 2993 2554 2733 3719 2482 1942 2103 2291 1563 1994 2143 1793 1574 4603 2001 3504 1421 
3808 2222 3246 2688 2855 2090 2413 1695 2522 2853 2944 2423 2753 3590 1979 1879 2632 2028 1725 1849 2369 2169 1989 2027 2370 2851 1884 2507 2168 3765 2280 2313 2096 2399 2655 2269 2325 2329 4741 2746 2716 2342 1808 2573 2571 1919 1840 2430 2239 2129 1722 1992 4119 2409 1909 2280 2798 1830 2268 3311 2295 2207 2456 2694 2265 2137 2059 3013 2031 2495 2054 2843 2241 3331 1781 1930 2560 2032 2629 2464 2527 1764 2503 2281 1954 2844 2706 2965 2070 1845 3222 2354 2389 3257 2202 1677 1601 1889 1382 1107 
2870 2475 3938 2856 2322 2052 1741 2115 1765 1776 1933 2773 3195 2217 2404 1803 2990 2709 2804 4152 2564 2589 3003 2631 2351 2780 2310 1993 2315 2148 2326 2140 2988 2646 2510 3100 3424 2022 1796 2345 1925 1924 3194 2187 1743 1953 1811 2945 2038 2786 2579 2079 2290 2777 2522 2332 1978 2283 2679 1733 2387 2338 1582 1611 1772 3168 3075 2381 2463 2766 2085 3018 1906 2624 2476 1498 2164 2436 2663 2281 2511 2067 2345 2290 2102 2288 2576 1803 2237 2015 2322 3592 2842 2857 2869 1588 1748 2879 1375 1265 
3610 2476 1819 2875 1866 3055 2263 1733 1491 2098 2371 1766 2564 2022 2387 2250 1773 2986 3034 2326 2716 1954 2213 2065 2180 3454 2287 1989 3472 1948 2668 1986 3669 2071 2181 2789 1895 4360 1891 2928 1961 2574 2423 2285 3216 2027 2583 2239 1922 2953 4354 2317 2791 2228 2545 1821 1726 2515 2462 2184 3386 2704 4038 2038 2358 1762 1948 2210 2502 2365 1890 1987 3171 1783 3009 3757 2601 2908 2038 3491 2242 1902 2355 1811 3159 2337 1989 2338 2298 1757 2608 2065 2868 2123 1529 2083 1911 1631 1303 1221 
2723 3509 2177 1700 1751 2252 2088 2656 3315 2705 2201 2154 3251 2573 2558 2555 1961 2736 2368 2398 2117 1788 2143 2080 2653 2946 2505 3061 2149 2501 2372 2360 2257 2645 2451 3532 2289 2701 2472 2816 2031 2195 2115 3102 2821 2242 3632 2224 1765 2508 2562 1674 2663 2037 3006 2200 2225 2263 1759 2001 1924 2792 2030 2281 2422 2841 2768 2337 1890 1645 2884 2358 2264 1988 2199 2726 2086 2281 1413 1762 2177 2324 2108 1898 2804 1879 2090 1927 2612 3363 2771 2288 1937 3162 1882 1781 2136 2158 2316 2161 
3612 2496 2074 2558 2914 2249 2656 2221 1795 2530 1797 1964 1453 2981 1757 2633 2811 2718 2148 2002 2010 2042 2399 3638 1698 2406 2425 2687 3291 3959 2240 1833 1721 1889 2651 2528 2123 2249 1789 3051 2847 1979 2053 2169 2021 2501 2700 2488 1683 1918 2033 1535 2143 3347 2316 2185 1737 2356 1855 3098 1919 2817 1899 2071 2535 1944 3018 2013 2550 1803 2536 2156 3458 2710 1989 2115 2279 1658 1799 2359 2091 2420 2724 2633 2079 2403 2442 2562 1999 2808 3692 1925 3226 2489 1893 1956 2447 4339 2268 2274 
3011 4918 2649 2154 2614 2549 3093 1534 1325 2616 2718 1679 2833 1845 3167 2610 2367 2634 2192 1837 2714 2623 2267 2885 2081 2237 2496 3075 2670 3028 2491 3458 2202 2430 1983 1826 2813 2940 1621 2602 2074 1776 2399 2493 3149 2838 1771 3125 1761 1762 2119 1888 2210 2680 2219 2927 2050 2225 2646 2182 2567 2277 2222 3057 2700 2212 3235 1653 2999 2245 2357 2245 2088 2122 4421 2472 2200 2439 2548 3041 2365 2636 2031 2332 1629 2441 2881 2892 3358 2220 2420 2256 1612 2349 2115 1910 1621 1444 1313 950 
3288 2310 2325 2854 2107 3013 2722 2437 2118 2307 2451 2346 1986 2732 2558 1885 2374 2852 3347 2604 4616 2477 1900 2232 2837 2180 3167 2941 2236 2552 1961 2885 2315 1933 2532 2863 1809 2562 2014 2058 2400 1902 1915 2805 3550 2342 2252 2031 2890 1928 1975 2719 2562 2395 2717 2565 2203 2920 3502 3171 2464 1416 2243 2705 3149 1609 1548 1855 1941 2379 3023 2645 2365 2117 2100 2327 2164 2571 2169 1874 2219 1910 1967 2987 2370 2500 1973 2362 2912 2167 1628 4617 1904 2695 1772 2115 2058 2134 1196 1153 
2944 3269 2715 2598 2714 3055 2175 3547 2433 2571 2111 2026 2443 2977 1591 2169 2302 2257 1930 2444 2973 2924 2867 2973 2404 2864 2437 2070 1746 2276 2453 2117 1837 2236 2122 3234 1979 2671 2238 2739 3033 2272 2182 1995 2244 1803 2402 3132 2725 1765 2510 3148 2805 1657 2335 1859 2065 2225 1833 1950 2373 2480 2478 2488 2412 3022 2279 2911 2831 1995 1744 2872 2541 2170 2307 1786 3169 1961 2576 2329 1881 2940 3376 1810 2865 4031 2200 2206 2137 4012 1343 3102 1663 1881 2042 2263 1702 2476 1433 1024 
2527 2510 2398 3031 2712 2499 2278 3491 2592 2170 2665 2782 2227 2583 1710 3871 2349 1901 2926 2945 1922 2203 2163 2124 2249 2372 2753 1866 3897 2610 2361 2754 2252 2871 2427 1987 2345 2278 2348 1798 2480 2392 2327 1933 1775 1881 2197 2074 2101 3344 4257 2510 2211 4315 2245 1812 1784 1965 2298 1942 1870 3046 2356 1683 2574 2202 3596 2561 2839 2111 1718 2496 1706 2116 2533 2297 2475 2898 2857 1812 2844 2523 2611 1698 2061 2411 2686 2686 2368 1735 2408 1835 2392 2195 2027 1976 2002 2267 1746 1480 
2716 1889 3413 2516 2647 3067 2267 2529 2646 2272 1983 1970 2717 2678 2573 1854 2472 2253 1788 1886 1886 2206 2374 2056 1642 2398 2166 3428 1685 2594 1728 2404 2026 1790 2307 2170 2356 1870 3394 2268 2569 2694 2722 3560 2762 2321 2333 1606 2040 2650 2969 2061 1932 2172 3085 2057 2862 2014 2018 1735 1804 2154 2385 2535 2206 1986 3360 2332 1694 4578 3003 2122 1879 2359 3010 2804 1725 2296 2191 2119 2089 2451 2482 2830 1919 2178 2624 1745 2539 1951 2275 1977 1629 3169 1667 1865 1659 2349 2144 1703 
2386 3369 2307 2713 2429 1608 2316 2454 3021 1844 1936 2687 2429 2906 1612 2426 2165 2461 2264 2195 2413 2294 2433 2150 2396 2582 2879 2880 1512 2207 1506 1756 1830 2409 2323 1533 2174 2784 1666 2293 2266 1997 2138 2360 2374 2207 2086 2221 3107 2650 2884 1982 1627 2235 2073 2550 1882 2286 2116 2170 2970 2271 2333 2017 1727 2552 2701 4038 1792 2337 1869 2690 2371 2498 1978 2791 2853 1923 2447 1838 1982 2585 2195 2251 2440 1676 2027 1729 1713 3269 2411 2051 2184 2114 2110 3484 2304 2403 2821 2118 
2945 2596 2931 1968 2494 2451 2130 1841 3432 4075 3330 1842 2684 2792 1691 3089 2802 2177 1474 3391 2216 2478 2489 1977 2132 2060 2446 1861 2215 3621 3859 2566 2668 2750 3318 2334 1492 2548 2744 2758 2393 2495 1734 3176 2050 3544 1639 2475 1645 2116 1735 2039 2267 2279 2483 1930 2413 2906 2532 2470 2374 2029 2163 2385 2417 2755 2154 3217 2079 2015 1896 1846 2222 1982 1762 3289 1687 2509 2307 2151 1533 1983 2013 3194 2361 2274 2609 2463 1724 2183 2766 2486 2044 1483 2640 1779 2382 2202 1880 1232 
2795 2352 2532 1818 4194 2732 1771 2267 3543 2905 1971 1812 1740 1898 2829 2193 1918 2030 2958 1938 2517 2125 2380 1908 3100 2076 2523 2233 1842 1973 2032 1888 2171 2593 2195 3074 1843 3472 2379 1682 2256 1941 2970 2476 2350 2459 1889 2143 3472 1884 1913 2010 2151 2228 1941 2424 2865 1842 1948 2895 2505 2359 2104 1923 1673 2245 2803 2598 2099 1867 2468 1973 1976 2576 1530 1871 1990 2523 3184 1861 3250 2562 2616 2140 2458 1792 2477 2066 2369 2228 1989 2769 2515 2170 1808 2169 3219 2292 1895 1849 
1775 2300 2925 2611 3426 2608 2439 2512 3997 2187 2101 2925 3040 2509 2010 2613 2012 2338 2403 3178 2789 2881 2235 2943 1630 2935 3359 1624 2073 1871 2746 1916 2267 2039 2921 2165 2370 1981 2145 2582 1594 2071 1945 2420 2068 1500 2207 1828 2202 1654 2048 3681 1817 2733 1819 2164 2175 2019 2417 2774 2612 1871 2535 2270 2819 2063 2445 1559 1568 1794 2426 2663 3503 2099 2470 2454 3117 3260 2461 1831 1927 2476 2462 2158 2250 3071 2211 2572 1918 2863 1887 1584 3609 1823 3436 2774 2108 1803 1949 2036 
2862 2274 2760 3535 2458 2486 2625 1739 1594 2328 1548 1959 3186 2003 1825 2510 2789 2813 2396 3082 2142 2793 2861 2723 2568 1571 2017 1932 3214 2250 2135 1905 2192 1986 2998 2384 2308 3675 1968 2703 2475 2756 1515 2651 2567 1930 1808 1794 3088 3057 2183 1786 1827 1906 2289 1999 1778 2817 3379 2781 2505 2052 1931 2729 1575 3024 2180 2355 2963 2425 2998 2637 2055 2094 3690 1724 2729 2246 1801 2322 2468 2305 2829 2131 2665 2224 2439 2872 1863 1866 2167 2021 2158 1888 1860 2386 2223 2819 2361 1467 
2885 2860 3025 2174 3188 4062 2156 3844 2447 2218 1756 2238 2012 1976 2731 2784 2201 1770 3010 2697 2039 1977 2813 2595 2244 2772 2516 2906 3284 2511 2535 1599 1853 2251 1978 1515 3313 2830 2392 2175 2526 2265 2049 2917 3345 2028 2186 3068 1542 2758 3089 1603 2850 2178 3184 2721 3076 2805 1950 1921 1838 3325 1652 2809 2079 2181 2144 2969 3589 1927 3079 2819 2410 3461 2319 1855 2727 2063 2857 1540 2246 2809 2314 1898 3619 3344 2530 1958 2667 2194 2476 1837 1808 2393 1428 1522 1401 1216 969 825 
2393 2150 2551 3205 2300 1885 2399 1681 2980 2424 2149 3899 2066 2194 2173 2573 2809 2522 2833 2830 1916 2323 1910 1829 1872 2319 2198 2637 1918 2672 2357 2326 2243 1863 2460 2045 2027 2700 1681 1971 2114 2128 2420 2463 2271 2783 2586 3404 3350 2071 1941 2059 1919 2787 2581 2161 2468 2002 2630 1853 3572 3098 2169 2051 1818 1933 2507 2242 2974 2252 1884 2400 1807 2996 1490 2098 2169 3084 1767 2541 2810 2182 2179 2721 2818 2454 2283 2171 2043 2258 1605 2429 2110 2982 1885 3563 2071 1411 2143 2104 
4552 2259 2514 2469 2772 2484 2634 1903 2498 1957 2140 2021 3212 1557 1751 2328 2058 2076 2096 2816 1776 2256 2187 2679 1989 2321 2472 2790 2804 3693 1758 2443 2567 2609 2376 2698 1739 2564 2758 2022 2583 2164 2233 1575 2998 2283 1693 2598 2050 1907 1777 3453 2476 3258 2810 1879 3554 2735 1828 2585 1899 2710 2866 2499 2256 2146 2830 2276 2290 2217 1987 2334 2311 2659 2082 2841 1810 2147 3073 2045 2266 2601 2541 1999 2348 2753 2174 2790 1520 2616 2843 1581 2605 3032 2317 3772 1798 1657 1840 1371 
