963 1181 1541 1120 1139 1163 1001 1066 1150 1100 1049 1131 1069 1086 1267 1125 1217 545 472 449 434 409 472 429 468 450 437 429 533 453 467 483 389 429 465 451 503 455 532 426 492 445 467 467 389 467 454 430 434 463 494 496 437 458 515 430 481 500 470 504 524 474 496 472 454 432 422 443 421 411 404 460 507 468 413 500 465 460 477 462 459 468 520 489 527 503 465 502 455 463 414 488 478 447 413 418 428 481 513 357 
2297 1075 978 1030 1349 1112 1131 1160 1128 1096 1328 1055 1187 1054 1199 695 434 470 434 470 511 476 496 409 401 432 443 427 472 474 433 419 438 399 437 476 413 424 484 416 441 427 441 446 466 520 452 476 458 389 511 444 440 445 449 518 469 432 460 434 497 446 461 421 499 454 524 424 418 482 447 500 439 466 439 446 457 472 435 488 449 415 426 467 475 499 444 479 463 439 433 403 538 481 464 515 427 435 412 347 
1044 1605 1232 1129 1156 1241 966 1123 994 1074 1031 1099 1106 1160 960 1042 1029 696 394 437 484 446 458 417 510 466 428 461 448 440 467 436 427 450 500 418 428 412 439 482 469 517 427 438 452 447 384 395 437 429 505 472 430 521 459 499 484 463 408 435 451 410 465 511 493 462 378 459 443 527 510 460 541 425 461 418 422 444 442 479 483 428 476 467 457 475 451 416 496 486 456 416 438 424 429 431 458 491 410 433 
1199 1706 1197 1163 1211 1079 1184 1298 1142 1132 1095 1144 1004 1083 1097 1024 489 474 447 449 512 585 562 455 461 431 478 423 502 516 428 359 465 469 443 487 492 501 440 540 483 421 397 454 422 454 515 477 434 486 445 427 445 438 489 459 439 520 485 460 483 450 460 469 446 444 470 415 464 382 502 443 464 464 422 467 438 466 440 457 451 473 444 527 483 427 367 451 440 435 505 471 426 518 396 473 441 433 369 334 
1573 1406 1440 1207 1168 1003 1081 1079 983 1031 947 1013 1096 1117 1103 1107 441 409 443 414 509 459 433 428 462 424 452 466 464 433 427 528 480 442 411 478 457 443 496 429 490 485 478 425 451 440 482 461 522 395 458 445 451 487 432 409 426 422 407 452 467 447 430 482 431 429 492 454 470 461 464 450 442 470 506 437 501 492 417 475 428 473 482 491 410 489 550 487 444 481 453 502 516 501 438 448 468 445 387 307 
1036 1601 1205 1071 1095 1005 1225 1266 1121 1160 1171 1173 1155 1374 1048 1123 617 430 441 470 437 440 445 452 453 477 423 458 402 465 441 465 455 449 458 485 424 472 423 476 465 453 461 413 461 440 452 421 433 481 403 454 442 480 422 536 434 426 501 414 389 491 437 448 458 467 431 489 417 442 467 464 478 425 414 492 451 478 481 441 445 458 482 479 477 408 454 465 411 480 477 513 469 440 471 411 480 466 477 453 
1261 1523 1038 1087 1024 1019 1127 1031 1212 1170 1147 1211 1367 1086 1098 1240 655 410 484 464 476 437 434 453 473 441 453 456 437 501 424 486 425 452 533 460 461 378 497 524 427 437 475 420 455 443 424 481 452 459 410 448 417 440 420 470 508 488 430 442 500 433 493 477 461 497 473 489 435 420 474 472 515 469 439 439 453 426 462 537 419 447 484 439 447 483 419 519 482 476 495 506 468 480 423 443 477 480 412 355 
1352 1463 1100 1144 1309 1146 1095 1112 1119 1244 1205 1181 1059 1067 1188 1061 432 449 431 431 433 447 540 400 513 464 452 425 434 436 413 490 430 452 442 412 457 404 512 435 521 422 472 509 410 466 489 384 404 383 488 429 441 465 441 446 440 528 397 460 428 412 430 445 494 502 507 408 421 476 460 450 444 423 425 507 425 468 435 411 424 490 528 474 464 461 454 446 458 461 425 506 413 422 464 464 518 472 472 411 
1247 1544 1163 1165 1159 1129 1112 1199 1121 1080 1168 945 1118 1098 1154 1227 466 449 453 525 434 519 409 441 488 381 466 474 485 427 438 431 456 424 422 405 440 397 503 462 431 465 420 463 497 493 439 448 515 441 410 501 419 490 436 469 433 511 458 476 474 503 419 424 444 431 459 456 490 457 517 452 454 470 413 492 474 448 496 442 478 449 437 504 481 519 412 496 462 423 429 419 433 463 592 468 457 475 370 340 
1514 1534 1033 1092 1124 1145 1072 1154 1101 1149 987 1168 1230 1212 1032 1168 470 450 432 463 507 458 427 457 451 427 473 366 460 444 470 475 509 468 465 472 460 463 434 397 422 466 480 443 492 440 444 426 531 447 482 445 456 397 428 514 441 476 505 488 381 423 466 404 503 423 454 500 490 404 424 440 421 448 422 495 399 514 516 513 419 511 451 452 544 534 496 436 498 424 442 472 432 533 471 422 392 442 384 327 
