4547 3596 4825 4238 5615 5729 3138 3470 3144 4011 4695 4129 3936 5411 4766 13763 3607 6687 4096 4135 4958 4215 11345 2606 2587 5448 4666 4899 3906 4311 3625 3739 2410 3900 5019 4507 4803 5343 4399 2612 7214 8073 3966 7366 6059 7211 6290 5433 4281 3600 3666 3883 5097 5806 2869 6328 7510 2748 5954 6678 4352 4008 2353 8011 6555 6419 3109 4090 4427 3878 8750 5007 4041 3019 7056 2570 4907 5359 3675 5559 2131 6399 3271 3099 6962 3633 6356 3563 3066 6255 4107 3756 5839 5689 5046 3036 2564 3589 4407 2755 
5468 3012 6696 4159 5377 3253 7233 3438 3317 6051 3952 3234 3053 7165 4971 4444 3665 4527 7105 3877 3893 6014 3180 3909 5983 3993 3383 3838 7812 6620 4515 5150 5840 4938 4819 3477 8987 3912 8569 4440 5274 5284 4111 4534 6442 7134 4187 5900 8591 6957 6393 4606 3076 6802 4814 4081 3591 2235 5092 3081 5828 2344 6620 3996 9777 5127 4494 4601 2995 5389 3425 3938 6189 3970 8254 5477 4402 5125 4176 4966 5146 3091 3828 3330 3104 6358 3656 4914 2535 4628 5130 4556 4065 5737 7651 5541 3563 4700 5588 2395 
5461 4797 3398 4696 4348 5288 3208 3007 4470 5499 5497 4852 4846 4904 6203 2962 5961 6491 4823 5508 4947 6390 3026 10524 6653 5955 5444 6872 3438 5074 3273 5222 4553 7067 7404 5677 4822 5159 10432 3832 3334 3149 7869 3274 3742 3267 6377 4763 4774 2641 3299 5337 4263 2503 3774 7094 5045 6443 5685 6869 6434 5505 5051 2711 4132 2269 7207 6943 4504 4162 4554 3731 5881 3057 2626 3289 3034 5395 4662 3359 4956 5646 7343 4497 4328 6165 2567 5828 6814 6286 4105 4603 3906 3290 4763 3863 6602 4891 4944 3978 
9344 3217 3547 5045 7287 5466 3566 4651 2704 7715 4786 5367 5485 8523 4752 5907 2814 3875 3504 6118 5066 4136 4171 5247 5713 4426 4841 3959 6484 8116 8490 5067 4462 8561 9144 4106 9755 2635 2599 6866 7690 3595 3549 8081 3558 4036 5015 4886 5025 4225 8770 3716 4551 2657 4771 4163 3927 4465 4919 7959 2727 9815 6218 4288 5833 2768 4030 3796 5767 3946 3820 5148 4459 3489 5488 2962 5421 7597 4158 4920 3036 3681 3609 2986 7227 5422 3941 5909 3280 4262 4846 9236 3004 4008 5078 4688 3144 4289 1889 1479 
8859 2582 1870 3546 4670 6916 5292 4360 2184 7552 5643 3577 5561 3102 4824 3521 3638 7264 3040 6932 7309 6930 3516 3456 2524 8913 3212 4400 5816 4506 5285 3901 2622 8003 4816 7802 6131 6238 3549 6757 3837 6752 5774 7099 9130 7513 4304 2793 5401 3676 5478 3171 5337 4639 6643 5233 7895 3855 6909 5705 4981 7834 6298 6410 5037 3140 2969 4011 3477 2847 9551 3992 4605 5016 5538 2963 6239 4780 4202 4431 3745 7533 2415 4567 3090 4470 3730 4837 7114 3482 4318 5548 6267 3698 6177 4037 1957 3704 4434 2261 
5862 3909 2616 4486 6117 3505 3219 3050 4877 3427 5344 4880 5539 5759 5912 3664 6198 8078 3649 6880 4582 4913 4387 9476 4715 5163 4349 8116 3121 4770 2746 3694 6953 8318 3269 5509 4271 7227 6594 7471 6011 6449 2693 2929 3561 7630 2904 4340 3731 5908 2943 4277 5688 3145 5426 4618 5732 5502 3708 4398 2493 3858 5949 4487 5498 2374 3343 3314 2953 3454 3472 4707 13614 3696 4454 8205 3108 4705 3191 3955 4487 3535 5369 4445 3517 8445 3887 4233 3526 3836 4944 5764 4096 4645 2597 6927 4253 7755 5310 3331 
7102 7088 2862 2218 4949 4902 6780 5836 5152 5201 3552 4243 6747 2944 6091 4058 4744 5096 4473 4500 6173 5571 3590 6312 3755 4475 7114 6292 6292 5762 4801 3580 3582 11020 7206 7316 7146 4729 4391 5509 4423 6379 4884 6547 1914 2783 2871 10003 7740 5125 2180 4024 4076 5562 3964 7126 4296 4291 5574 7087 5862 2922 6282 7696 4549 2042 3131 3281 4584 2965 2620 4040 4347 7616 5311 7081 2796 4244 6496 5735 4957 3700 2004 2593 7532 4267 4745 3313 4299 3262 6112 4525 5650 6988 5719 3574 4511 2411 3807 3088 
7226 4160 4180 2959 3521 2981 5288 5318 3755 4493 4065 6387 7382 5748 3570 5183 5456 4212 2752 6352 3675 5128 4024 3950 5957 5565 4586 6140 6467 4074 3990 7590 9558 16075 11017 9297 5183 8334 3114 5507 5861 9060 5335 2473 4381 9932 3801 5412 4003 4313 4537 8092 2880 3870 4453 2306 4535 6349 2926 6399 2578 6703 4755 5608 11243 4570 11509 2218 6559 6837 4963 5293 2582 4377 3155 6766 7203 6116 6147 3184 6190 6113 6766 3640 5449 3045 7515 3228 2925 2682 2096 4614 2969 1653 1955 1128 1269 1024 1089 943 
8288 5159 3726 4922 5641 4536 3048 4220 6127 3167 2894 7557 3957 4024 2980 5976 4938 3320 7602 5189 5360 4179 5176 4297 5422 3506 3645 8155 2797 3524 4612 6451 8791 3342 4692 8389 6069 3762 7630 4859 5519 4836 4510 6729 4623 3027 5283 4743 4256 5162 4306 4700 2303 5914 4620 4501 4773 7730 6153 5016 4804 9217 5238 3574 3414 4357 2636 4987 5299 6127 5348 4955 2206 6896 7302 3605 6305 7422 8201 5876 3154 4997 3056 3286 2981 3560 4887 3872 5084 6295 6857 3327 3280 3633 2553 4079 6038 3688 6660 5439 
6419 4124 5540 4671 4366 9227 4194 2378 4579 7747 4999 4168 5192 5334 5561 8622 5341 6891 6013 8864 4545 4137 5987 1778 2879 3411 3801 5986 5632 4002 14956 5560 6548 3787 5220 3767 4411 7572 4550 7883 4943 7085 5878 5115 5951 4712 7829 4000 7192 7819 5284 4529 2890 4537 7853 4340 2918 3823 5820 2570 3815 4814 4410 4022 2943 2264 2635 5195 9228 4615 7524 3867 4796 3117 4483 3810 6267 4520 3842 2450 3848 4356 4673 1973 4127 3317 4602 5944 3287 3618 3593 6674 3747 3769 2175 4811 4082 3695 5934 2129 
6736 5485 5680 5572 3005 12870 3609 5063 3877 5000 3738 5239 5782 2557 4398 3960 5217 6872 3739 4590 4226 5544 5639 4728 6968 7282 3545 3943 5937 6077 7631 10314 3052 2701 3486 5564 4126 3473 4485 9054 5418 7969 4904 3760 4636 5201 6167 4978 2765 3643 3059 6978 2524 3357 5230 2308 9673 6485 2468 2715 2831 6071 3626 3507 5477 5215 4134 5812 8773 3538 2542 3287 4557 3943 7100 3644 4905 4992 2972 4270 5086 4111 6558 3400 8621 6429 6114 3341 3037 4072 4308 4784 5683 4129 6357 5457 3236 3297 1841 3373 
8285 2342 8918 4637 2760 3345 3200 5928 7331 5149 5594 3429 4406 3936 4945 3990 5609 3881 4642 3886 4007 2699 4165 7329 1929 3637 5618 5197 2831 6396 5333 6582 3235 3418 5330 7324 10845 5771 3937 7416 5032 5237 4946 4000 4012 4455 3417 5323 2253 4824 7348 5110 7253 3371 4695 6146 5788 5427 3819 4290 5708 4489 2493 5482 3282 3301 6457 2051 6333 5673 9808 4864 4644 8501 12647 3404 5891 4764 4583 9073 4932 2628 2342 5392 9320 3160 4894 4152 7677 3968 4146 5678 4341 5202 5595 3038 2648 3810 2163 2786 
7880 2959 4000 7164 6743 3627 3549 2886 5023 8488 3723 4390 2880 4539 5599 5559 4339 4399 5240 5149 4984 3421 4315 2757 5410 7739 5416 3504 3864 6704 4694 2797 4997 7155 7155 6693 6793 5804 6024 5696 6750 3920 5864 2051 4047 3281 4553 5321 2762 7497 6442 7657 5539 5015 3877 4739 3704 7219 9707 4643 5886 3843 4476 4437 4239 3039 4346 2341 4771 5059 5444 4155 4297 2107 3291 7890 8649 3577 3586 2777 3536 5050 6435 5790 5503 5598 4426 3448 3149 6765 5895 3795 6032 6445 4037 5625 5189 5852 3321 1984 
6492 6847 3053 3874 2134 5294 4279 7656 5350 3084 4600 2565 6614 5041 3994 4037 6022 9180 5229 3294 2547 5614 5100 6262 5427 3804 4360 3681 4460 4618 3278 2752 3545 4170 2300 4108 5042 4840 8041 6125 8503 3728 3935 5652 7557 3453 5511 9263 1657 4196 6702 3680 6772 3884 6002 3170 3201 3093 2433 4862 3307 7450 2416 6072 7069 2733 4886 5480 2497 3552 5364 4271 5852 3449 2727 4258 4096 4223 6378 2560 4081 4240 3762 2136 5851 5450 3967 5118 4479 7996 6681 6389 5083 4705 5147 4945 5468 5912 6192 7020 
9475 1920 3836 6012 4571 4443 5031 5133 3489 3898 4838 7284 3180 5023 3565 5071 5032 3582 4750 3871 7316 3288 4598 4084 9445 5311 7325 2711 11895 6791 2257 5257 3728 7598 6144 5462 4276 4864 6110 8703 3282 6381 7085 3528 8090 8833 4655 2502 8281 2806 3278 5447 3252 5141 3890 5001 3573 6791 3961 3437 2765 3289 7872 1850 5071 3146 9086 3876 3218 4349 7324 3606 2523 7373 4840 5605 3511 4007 3778 4541 4362 6431 10418 7836 5063 3493 6398 4477 2878 3847 5394 5249 5972 3505 3654 3731 4030 3407 3393 2187 
6964 9584 3454 5010 5551 3236 6422 4640 6198 7455 6619 4144 6450 5642 4548 3445 2972 4719 6245 5436 3145 6625 5942 4847 6291 3117 3814 4503 4982 4516 5999 4070 6855 7382 3462 3206 3988 6669 3596 4720 4589 3685 4642 6211 3245 4795 3405 5005 3351 5871 6494 2740 12043 3372 3707 6251 2551 5632 9724 3780 2161 5282 3763 8708 2205 2370 3845 3319 3242 10341 5375 5064 4148 4060 3077 3892 3033 3223 10059 4744 5399 3056 4660 8319 5220 3975 3917 8112 4079 4305 5751 7986 3935 2783 4255 3994 5426 2613 2706 3723 
7272 8039 8376 2968 2686 4944 3276 2192 4046 4469 3614 3730 3945 5920 5168 3172 6805 4386 3378 5898 3677 8065 3271 4376 3086 3926 6584 5295 5400 6242 4362 4507 3327 4595 3420 4831 8746 5273 4287 6367 4828 7500 6883 8096 3980 4398 2519 6341 3613 5092 3248 4453 2922 6770 8942 3974 4852 4583 5494 5062 3395 6177 3729 5817 3197 4729 3599 4692 3398 4090 4184 4235 2503 7049 4189 3822 4364 3721 6774 6574 5645 7732 5445 6435 3684 8109 4078 4544 3958 3046 4648 4461 4192 4721 3298 4507 4724 3380 4520 4151 
6713 3300 7416 7629 7817 2699 7966 4378 5435 5571 3804 7179 4248 3294 5939 5978 5218 3854 3359 5816 12424 4423 5957 5623 4050 4859 3513 4650 3918 7995 5236 14116 4435 9623 4010 6249 3847 7073 6314 4934 5204 1766 5417 3113 5159 7085 4029 10787 5856 6762 5145 5276 9045 3462 5470 5877 15717 4203 4563 3153 3787 5175 3636 8063 2933 2360 4787 2814 8445 2377 3009 2121 5166 6120 5857 4248 2931 4477 5233 3950 5112 4707 6899 4284 4293 4697 5360 5529 4623 3028 4513 3826 2295 2090 1642 1219 1107 1078 1021 920 
6146 7799 8416 7080 4931 4180 3218 7648 6326 4906 3370 3188 6754 3382 7459 1900 4412 5449 2889 5706 5352 9302 6371 7372 4899 6599 4234 4424 9863 3438 4971 10529 5157 5223 3836 4273 5811 3734 5214 3125 9662 2757 2363 7789 6751 9203 3872 3482 2350 4607 4115 4775 3980 5813 4656 10424 3516 5118 3328 6786 2336 5763 4523 7014 3535 3243 4614 5527 4826 7948 7694 8523 4623 3221 2876 5852 5740 3614 2877 5983 7439 5634 3466 3491 4869 8729 3190 3387 5536 3776 4002 5506 7082 3412 2575 1686 1245 1094 1015 971 
8310 4609 5230 4881 4840 4285 5307 2551 6304 2141 8590 2616 2546 5268 4844 3628 3017 3480 6404 4601 5860 4510 3661 2080 2412 2492 2416 2409 3140 2971 5428 4751 3194 3096 4426 5739 3862 3393 6525 9069 4721 4297 5250 3908 4638 5035 11289 5555 4937 6720 3401 7969 4443 2079 5768 2664 8165 3238 4638 7825 3100 4380 3638 3000 5121 3226 2923 5707 10880 9727 2933 4643 8564 4902 5011 7590 4209 5621 2914 3237 3032 3718 4385 3561 4769 3292 4488 5750 2845 3915 7132 5112 5719 4670 4607 4040 4570 4843 3082 2659 
5463 5501 3428 4067 3339 3638 3929 9763 3880 5100 4907 6768 4441 3485 4849 8768 6270 3288 6196 4004 4771 5373 3421 2831 4838 4831 4563 4786 3844 4142 4220 2766 5158 2329 2678 9004 6728 3462 5302 3947 4859 5876 6150 4288 8305 7518 7415 3064 4369 3691 4737 3622 3856 5985 3512 4257 4414 10116 4471 3981 4676 3660 4979 2721 6298 6826 6241 4571 4220 4582 5140 7226 4411 4123 5421 6065 6850 2383 3477 9129 4465 3385 5478 5390 5209 3975 6478 8005 4593 3576 6438 3336 5323 4065 4011 5111 4723 5409 2958 2991 
9862 2266 4710 6466 6963 5840 7501 2851 3323 3474 9362 5274 3678 6313 3483 4330 7278 3362 6124 5345 7028 3760 6927 4913 4070 4522 6417 7765 8971 6496 4076 4679 6761 7033 3497 4051 3419 4923 6067 6939 2686 5252 5226 6901 5989 3380 5314 7113 7793 1681 3020 3779 3155 3552 7147 3813 4294 5850 4534 3979 3735 3141 5199 9791 4446 4128 3821 9307 4266 6746 4609 4266 4865 3772 7646 5078 3378 5230 3664 4014 3033 2215 4826 6723 4281 4114 4677 3762 3314 4983 4825 2691 3114 6911 4253 3005 5660 3289 3894 1757 
11022 8124 5070 3634 7037 9836 4987 3578 4572 3934 6165 4897 3202 6150 4938 5246 7399 5373 6384 3999 4924 6763 3352 3045 4503 3145 5221 4960 2939 5647 3278 6443 4236 10146 2910 6806 4259 4001 3111 3249 3982 3934 3073 3971 7476 4181 3036 2740 5704 1967 8890 5539 3151 4787 4371 3547 7075 6988 6641 2686 4010 2788 3018 4692 4447 5145 5343 7268 9538 4701 3857 3928 3526 5686 1641 2710 3759 5434 8230 4519 3718 4378 9677 4652 6314 7034 3859 4390 6297 5849 3638 6082 4368 4665 4170 3627 3455 3043 6413 2674 
6444 9661 2383 5790 3374 5998 4811 6041 5681 8741 3636 10687 5964 4530 5684 5546 5579 4665 7014 2643 1710 5847 3929 5143 3119 5106 4059 6338 4787 10459 6109 8416 6729 6150 4074 6050 4965 5252 3784 6573 3143 5688 5288 5300 4131 4158 3806 3873 2169 4748 4139 3784 3590 9007 3947 4667 6748 6651 2983 2368 4621 2984 7121 4837 3650 4509 4287 3322 4723 6934 2455 7359 5067 8964 3841 11539 6650 3488 5467 3630 2964 4488 3399 3334 4025 5332 5297 3162 2808 7857 5958 4169 4287 4637 4929 5408 3597 1888 1475 1295 
4578 3558 4785 4029 4000 4483 8547 6170 2727 3577 3981 4145 8419 5290 5878 4109 6086 2992 5039 3136 4635 3621 3839 2798 4361 4691 7402 6690 3728 7710 3539 7536 5079 4503 4037 6855 6742 4316 3798 5221 5940 4089 4591 3332 4181 5800 2509 3014 4614 2418 6277 6674 5254 3290 2162 8108 5972 6111 6284 3808 2778 2707 8281 6301 7935 9808 2350 3409 4816 2515 2576 5161 4749 6923 3733 3429 5760 4812 5673 4610 3863 9107 3177 3683 4008 8081 4014 4592 5725 5500 2207 3329 4365 5386 2963 4902 4911 3519 4372 4161 
6334 3657 2460 8738 4410 3134 11067 4762 3341 4971 7978 4953 5622 6160 10558 3618 5876 4320 5560 11648 4184 4415 5532 4459 4729 6862 3728 7808 6290 8925 4025 4705 5688 4665 4471 4442 4551 6000 2630 3694 3780 4597 2328 4384 4104 3844 5870 5063 5813 2524 2278 3310 6039 3490 2796 2709 5502 4587 5894 2227 7547 6419 3161 2100 6445 10537 3974 4017 4317 5782 4123 2332 4039 5096 2629 6055 5113 2769 8709 6135 3169 3662 4132 2543 7105 8296 2779 2812 4479 6055 11257 8037 3898 3453 4650 5887 3855 3015 2215 1772 
12734 3925 7063 3811 3620 5656 4114 5031 4942 8550 4574 4426 2649 4822 2900 3180 3800 3959 5680 5176 2643 4629 4859 2452 2593 3155 6226 3985 2790 9200 5783 4588 5281 3567 4322 11133 7279 6360 5344 5029 3396 4599 7620 7144 4410 5608 8684 6181 3871 7628 3731 4308 5262 5783 7982 3292 3328 6461 2998 4346 6308 4258 8606 6234 4225 4333 4231 6074 4522 6765 2708 3825 2924 7252 5391 5545 3015 3912 2686 2850 3975 4409 6570 7029 3841 4148 3042 4400 2486 4180 3878 3595 4519 3948 8984 4163 5367 3529 3572 2691 
6544 10808 6085 3995 4667 10499 4080 5973 4605 5107 6588 3971 7295 3123 2598 5459 4047 7162 9030 5102 4987 2469 7353 4670 3936 6745 4178 4943 2383 2292 6004 6810 3352 6074 5278 9152 4783 5915 2925 5090 3858 3568 5427 8512 5953 3241 5846 4707 5465 7273 4310 3442 3213 5740 5619 5219 2716 4480 3704 7253 4057 2220 5622 3526 5219 7047 4214 3177 9651 3854 11869 6391 3525 5773 6759 6860 5763 2599 2974 3340 3014 4235 4921 4300 6768 4305 4981 6029 2294 5525 4028 2946 4902 6846 3905 3009 2634 1951 1322 1297 
11169 6159 3849 6367 7103 5872 2128 6290 4312 3550 3357 4864 4286 4841 7913 2328 5029 5689 4324 5180 4066 5034 4049 3317 2965 5970 3727 7568 3768 7104 6256 5435 4059 6377 7343 7629 4126 5640 5609 4961 3837 5461 3859 7838 2346 5439 5151 2729 6575 3285 9850 5758 4122 4291 2593 4796 3050 5595 5130 8193 3709 6147 1860 6840 6267 4422 3946 4642 4814 4726 2790 3899 6203 9418 4596 2539 3258 3397 8831 3259 6065 4848 3240 2238 2714 4320 2641 7294 4468 5575 4656 3112 7326 6160 3503 3792 5153 2231 2535 4108 
7383 6714 3930 3398 2860 4547 4294 3410 6069 3211 4323 3662 4213 6184 4892 4000 3492 2534 5303 2872 5940 4818 5995 4759 5888 5003 4615 5657 3119 5643 4169 5381 5851 4870 3848 7521 5026 4206 8167 5959 3896 7832 5175 10196 6163 7851 5558 3440 4194 3214 6073 4137 2823 8443 5173 3351 2616 2453 3087 5355 4201 6489 6247 9752 6844 5108 6611 5703 2213 6120 2769 7016 5079 9675 2777 6535 3827 6518 3820 3848 3292 9199 5376 2750 2821 4795 5145 2815 3904 3456 5255 4623 5009 7632 3652 6209 6477 3036 2952 2621 
5810 5287 3811 6167 5072 4233 7132 4983 4144 6349 5993 5794 3058 4452 4659 2695 6363 8133 3932 4955 5319 3999 5819 5850 3092 7245 5001 4234 5682 2357 7083 2247 5659 3474 4991 6021 9837 3729 5080 7611 6084 2834 3209 7191 7703 3099 5410 2449 3049 2949 2769 5011 3989 7548 5409 4512 6180 8228 4496 3108 5075 4172 4837 2413 1752 2571 2739 4155 6738 4829 5434 4431 4068 5609 5429 3724 6043 6625 3929 4816 4146 4313 3056 4050 4282 7142 8152 4584 6076 4852 4525 5260 6160 5880 8904 4441 5378 3648 3689 2751 
4413 5983 2593 4582 5235 6324 4456 3459 7372 4198 4573 5089 4954 2424 3938 4393 6818 5470 4018 7234 3158 8065 10087 3452 5983 6856 5415 4682 4188 8231 2031 6826 8239 10600 4566 3329 5414 5157 2060 5898 6471 5086 3413 4817 2846 5239 3853 5417 5069 5790 4542 4585 6122 3962 2295 2986 6232 5630 5169 5540 5275 3332 3611 2804 8819 5965 8087 8685 8070 2649 5535 6228 3111 4747 6503 3778 7122 7259 4971 6505 4592 5469 5581 5285 4225 4856 5390 3743 4225 5204 8145 4205 3305 3232 3308 1804 2623 2029 1161 1172 
10766 5554 4253 5541 7894 6811 6114 3834 2877 2797 4043 3239 4637 8111 4521 4965 6087 5259 3774 4969 4034 3672 7719 7240 6365 4610 7394 6567 7543 4717 9906 2257 4749 6924 6796 4226 9114 4638 3459 4609 4770 5816 8286 2656 3300 4137 6722 3043 5681 3545 5129 5969 5102 8306 5755 3319 5192 3815 5268 7889 2742 4735 4383 4159 8163 5623 2951 3384 4780 5608 3926 3238 3171 8946 3450 3163 5587 6414 5576 3354 5333 8998 8252 4078 4124 4423 4416 4326 6680 4270 5004 4333 2750 3709 2365 2329 1889 1174 1154 1000 
7278 2641 4989 3290 3206 10354 3057 6837 4681 6124 7473 5021 4419 4100 4961 4358 5719 2803 5577 3890 5110 4601 2670 4994 3443 4536 4045 3152 4171 4455 4177 5506 5943 2338 3968 8814 3081 4301 9333 4286 8517 6444 8599 4891 4977 8000 3392 4691 5842 6096 3737 2339 4663 3642 7785 4066 2227 4015 7618 3440 5417 2990 2321 4368 3055 7675 3498 5430 3068 4407 3639 2648 6407 4362 2320 2755 5091 5790 5268 2327 6636 4875 4832 2506 4786 4958 4079 2727 4689 4590 8598 5232 3494 4253 3920 5549 3445 3281 5282 7967 
4595 6308 3960 4669 4750 5862 7973 4910 6005 5671 3214 3904 4214 9124 7188 8358 5688 6722 6073 2392 4731 4841 3575 2753 9502 2375 4908 3277 4063 8284 5425 4644 3936 4146 1924 5132 4058 2775 4770 5528 5921 2927 2980 3921 6605 2290 4396 1974 11946 7811 6103 4339 2594 4825 2670 2839 5702 4583 5905 3925 3817 4426 8569 5773 2633 7568 4039 5840 4097 3996 6878 4948 2290 6323 2728 2019 6170 5172 4626 5844 3931 6434 4055 6061 3230 5187 3995 3667 3853 4516 7664 6309 5119 4944 4805 3296 6726 4864 3533 3122 
6790 3687 7073 4003 10527 3044 1709 3805 6225 7632 8628 4005 3147 4021 3413 3407 3418 4522 6276 3137 4287 4200 3479 2075 7383 4655 5837 3227 4849 5784 3851 5807 7337 7895 4573 8594 5601 5282 5891 4539 9610 3248 4014 2403 4627 9451 3936 7682 5024 5496 2930 4371 2504 5327 2654 4552 7148 6218 6773 8885 4700 8480 4193 5872 7682 5817 5349 3606 3886 2851 3057 4258 6193 4191 5412 6682 4313 3773 2894 3544 11436 7081 2719 5446 7712 10523 3007 4871 3421 5034 6246 5225 5081 5501 2816 2602 1368 1219 1056 975 
4128 4950 8955 5001 10671 3087 6596 5872 2964 5154 6747 6281 4578 2693 4276 6492 6650 4142 6239 6015 2825 5816 3625 3686 5429 6221 6331 7027 6969 7200 6905 11671 2925 7656 3495 3137 2450 6892 4134 3284 4002 2450 5489 6566 4198 7158 2857 4061 5191 3524 8850 4833 6016 5633 5288 4197 5257 6452 5514 9381 3423 4562 5829 1777 3330 6610 5777 6970 5149 2214 3556 3054 5461 3356 2421 7081 5343 4225 4808 4196 7910 3942 5209 3876 7290 5619 4211 5233 5763 3694 5561 5013 2704 4066 3620 3775 1903 1920 1246 1142 
5755 11388 5528 3752 3925 5196 3949 5161 3798 4410 4166 5515 6438 3936 4077 5507 6300 6077 4373 3822 9666 2828 3414 5253 7644 5516 5810 4633 4562 4060 2126 2758 6723 6126 4868 4041 4230 6090 2533 3787 6044 6186 3665 5150 3970 2868 4676 3571 3263 8659 2374 2727 4010 5472 5790 3944 6594 2835 6365 3330 4312 4608 5143 2713 3390 3836 3615 2328 2948 2297 2704 4170 5152 6115 2924 7145 9482 10473 1685 5690 2549 4186 7175 5208 4965 3987 7941 3461 3914 4327 4543 4587 3973 3317 6188 7851 5139 5056 3278 3886 
6483 4366 7524 9032 5713 10222 4693 3743 6247 5398 8218 6831 4466 8998 5108 4612 7593 5914 3356 3664 5658 3511 7270 2507 4368 4990 3280 3549 2483 4701 6654 7196 2795 4662 7116 7283 7164 4462 7922 3683 4415 2923 4942 5000 1924 3508 6600 3121 3039 4558 5855 5256 5099 3576 3706 3006 4726 6564 4309 4928 3694 7349 2838 6996 5923 12803 2629 6630 3133 9407 4167 4157 4285 5476 4568 4297 4862 3767 3974 4866 6637 3270 3252 7079 3060 4519 3561 4250 5900 4391 5083 2491 3416 8016 3210 3572 2606 2273 1926 1774 
10110 6103 3203 5567 3437 4823 6595 7784 5870 4817 3415 5450 6594 5502 4427 3540 3800 5853 4526 5917 2878 7379 4281 4485 4960 3537 6407 3205 3669 7564 2549 2767 5064 6885 8001 2429 5375 4342 3634 4304 3132 9624 3027 4278 6102 4513 3271 3910 6480 5907 6769 6051 2221 9039 6774 4914 2914 6387 3572 2669 3526 2910 5644 4277 3992 5187 5854 6318 4785 2219 3127 4451 3518 6726 3648 3649 3099 5149 4043 7619 2773 2845 3554 6466 10962 3371 6770 6209 7097 6322 4447 3407 3866 4748 4152 5220 2724 4497 2951 4834 
