1294 1892 1468 1209 1657 1206 1409 1030 1007 1140 1039 1169 1090 1013 1065 1133 1087 1040 965 1278 1082 1156 1155 1077 916 1083 1302 1017 1082 1035 1030 1052 999 1056 1111 1135 1136 1178 1109 1012 1195 963 1165 1061 1068 947 987 1055 1338 1131 1132 1178 1169 1033 1182 1080 928 1040 1056 1177 986 1137 1056 1233 1002 1200 1028 937 1186 1123 1069 1110 934 1091 1354 1016 972 1114 958 1152 1034 1180 1117 968 1130 1086 1103 1191 1152 1083 1018 917 1289 1008 993 1180 1100 1108 1049 947 
1479 1639 1512 1259 1553 1352 1124 1132 1023 1074 1020 1255 1083 1069 997 1141 1236 1052 1088 1085 1087 1030 1053 954 1047 1019 1056 1066 1080 1009 1181 988 1074 1102 1025 1072 1132 1169 1096 941 1058 1015 992 1080 1086 1064 1101 1242 1171 1146 1193 1061 1087 987 1063 1017 1123 976 1026 1065 1204 1183 1038 1128 1180 1077 1131 986 1023 969 923 1185 1052 1022 1177 1113 1038 938 1257 988 1109 1076 1282 1235 1119 1287 1030 1002 1182 1164 951 1066 1218 1058 1319 1080 1137 1182 1105 1046 
1500 1901 1521 1390 1545 1156 1095 1242 1057 1016 1019 1427 1059 1056 1024 1185 1102 1083 1136 1035 1151 1106 1056 1121 983 1068 1131 1075 1030 1035 1154 1037 1091 887 1163 991 1159 1012 998 1168 1011 939 1089 1154 1064 1025 1097 975 1290 1109 1124 1123 1169 1049 1059 1251 1167 1216 1115 1154 1135 1141 1123 976 1108 876 1024 1001 1002 947 983 1083 1059 1101 1376 1085 1079 1147 948 1119 1051 1153 1196 1048 1098 1168 1101 1195 1291 1084 1173 1173 1169 993 1108 1069 1242 1051 1076 947 
1683 1855 1593 1249 1438 1001 1357 1188 1092 1165 1164 1335 992 1205 1164 1033 1114 1090 1280 1125 1073 1067 1057 1016 1093 1154 1103 955 1068 1116 1036 1069 1120 840 1003 1019 900 1223 1000 1092 1102 1091 1111 1124 1008 1137 1111 1071 1178 1023 1088 1121 1075 1161 1087 944 1012 1073 1054 1440 1200 1035 1212 1042 1058 1129 849 1043 1070 991 1081 947 1069 1117 1050 1171 1139 966 982 1138 1016 1038 1194 1025 1114 1286 1150 1154 1168 1244 1033 1083 982 920 1082 1034 1180 1042 957 1014 
2431 1866 1862 1558 1375 1235 1022 1169 979 1056 1189 1383 1197 1114 1151 931 1079 1041 1106 1086 1223 1204 906 1157 1196 1032 988 1093 1144 1003 952 1077 996 1117 1056 1151 1061 1249 1031 1002 1235 1126 1127 1017 1086 1081 1183 1453 999 1082 1269 1110 1006 1045 997 1097 962 1027 1356 1078 1044 977 997 1170 1167 1106 1060 963 1105 1009 1012 909 1037 1287 1166 931 1105 1159 1008 1110 1014 1199 1037 1054 1052 879 1026 1167 1126 1121 1043 1027 1007 1163 998 1170 1062 1044 945 890 
1875 1750 1898 1155 1625 1520 1225 1220 981 1093 961 1230 1020 1291 1194 1105 1048 1099 968 964 1091 1017 1018 1111 1015 971 1040 1049 938 1105 1276 1224 1099 901 869 1152 1112 1016 1120 1048 1030 1148 1124 1223 937 968 1243 1009 1195 1134 1136 1198 880 1221 1169 1083 1250 1015 921 1327 1011 1071 1101 1019 1219 1061 1111 940 851 1047 1124 1173 1024 1152 1199 1009 1237 1141 1062 1065 1261 1277 1079 1192 1200 1183 1330 1287 1071 885 1017 1019 1181 1068 972 1171 1033 1146 1102 748 
1891 1951 1523 1166 1758 1163 1196 1371 1076 935 1159 1146 1042 1047 1244 1032 1056 1151 1328 1206 1114 1006 904 1022 1058 1044 1108 1039 1063 1039 1251 1037 941 1094 1182 1018 1082 1180 1159 1100 962 1041 1028 1068 930 1074 1042 1030 1291 1148 1048 1200 992 987 1109 1208 1175 1020 1222 1112 1079 1064 1054 1030 1129 1105 1026 1147 1014 1174 1007 999 963 1001 1108 1061 1179 1034 1371 967 1187 1401 1049 1113 1168 1066 1235 984 1125 1108 1053 1282 1019 1055 1114 1049 989 1118 997 1039 
2190 1981 1355 1273 1591 1135 1182 1028 963 977 1160 1357 1152 1049 941 1234 1178 1192 1022 1205 962 1026 1023 1078 987 1151 987 958 1030 1017 1086 1086 1062 1010 1077 1053 1192 1193 908 985 970 1051 1144 1360 1058 993 1076 1045 1236 1169 988 1206 1056 961 1117 1074 1105 1141 1098 1279 1158 1014 1109 965 1159 1036 1003 1077 1070 977 1259 1054 1116 1011 1136 971 1004 1063 1142 1116 961 1047 1422 1023 1077 1147 986 1432 1204 1102 1210 1121 1174 1138 1120 1090 1104 1117 989 934 
1999 1956 1505 1398 1549 1098 1188 1274 1018 1039 1110 1265 1111 1178 1150 1012 1007 1057 1112 977 869 1068 1082 1008 1055 1016 1216 946 1087 1093 1051 1214 1069 999 1180 1133 1087 1199 1080 1157 1214 1025 1162 1160 1076 1233 1188 1142 1083 1174 1103 1297 1184 971 1028 999 1077 1054 1307 918 1042 959 1034 972 1144 1094 972 1136 1139 1169 1048 1126 956 1373 1074 1045 1097 1142 1011 1131 1104 1248 1099 1055 1205 885 984 1267 1261 1106 1130 980 1090 1272 1091 1180 1060 1164 942 676 
1863 1772 1746 1464 1446 1031 1105 1264 965 1189 1061 1308 1078 996 1064 1035 984 992 1061 1088 1115 1070 1044 989 959 1066 1150 1082 988 1017 1207 979 1046 1190 955 1238 1008 1108 1169 920 1123 1059 1092 1135 1097 1187 882 1100 1114 1101 1016 1112 1056 1115 1138 994 1081 1117 1107 1244 1147 1039 1165 1050 1060 1053 927 1065 1141 1184 1134 993 986 1035 1184 1067 978 938 1047 1001 1326 1246 1269 1031 1074 1245 1049 1238 1204 1085 1109 1098 911 1043 1035 999 1024 1133 1125 1058 
