392 426 729 3074 2116 2711 1771 1211 2579 1807 1614 2942 2058 2329 4123 2708 1981 2625 2398 926 1299 2897 1152 1730 931 2254 2767 3789 1299 2654 1962 1862 1776 2058 1544 2486 4435 2030 1005 2120 2577 2040 3087 1159 2441 2509 3847 1438 3039 3848 2638 1433 2870 1625 3125 3778 3189 2327 1573 2359 2675 987 1832 1440 2971 2438 3554 4077 1796 2647 2374 3192 1273 1999 1355 1215 6861 8879 1862 2268 1277 3744 3464 1292 4524 2843 1446 3315 2246 1107 2277 1174 2149 2722 2704 1912 1076 1660 2637 660 
1794 3752 2247 1911 1121 1106 1933 1284 1577 3550 2729 638 1852 1724 3377 5566 2930 2266 1864 1559 1252 1317 2892 3647 3400 1448 1856 2159 2208 1547 1623 756 2762 2879 3301 1048 1967 4253 1649 2247 1577 3352 1755 1174 1728 1956 2486 3713 1616 1568 4230 1851 1615 3980 1043 1697 1418 2962 1756 3392 2081 5954 2740 2164 1247 1540 2598 2381 2752 1151 2052 2307 4527 2286 1384 1455 2867 8214 1800 2377 1371 1945 1705 2318 3021 2070 2214 2012 1823 1773 3488 1686 1913 1718 1235 1514 3793 1646 2404 1271 
395 541 950 1721 1077 1130 1429 1503 1419 1342 2721 3095 2097 1274 1877 2370 2890 3099 989 1796 3167 1270 2773 2421 2933 2156 1259 1548 1744 2492 2308 2717 1166 2383 3808 963 3516 3068 2341 1902 2293 1171 2529 3047 4462 2198 3421 4827 2980 943 1509 2353 2080 3917 2895 1246 1621 1728 2871 3270 2134 4365 1605 2027 1299 1172 1795 930 1116 1866 3143 2781 761 3338 3728 2346 3316 993 1549 1889 1374 2222 1283 6613 2195 2997 2256 1381 1989 1292 2775 4376 6452 2586 1605 1824 2436 3186 1524 2696 
1730 2843 1492 4794 2722 2853 2282 2053 826 3814 992 2785 3069 1575 1772 664 2440 2424 1542 1986 2872 1695 1348 2272 1940 1364 1564 4593 2989 4259 3875 2743 3285 1612 1580 1553 3973 2072 2968 2130 1908 2150 3190 3676 2416 3740 2839 2956 1020 4192 2033 2689 2147 3270 2180 1419 2360 1315 2456 3285 1953 2663 2633 1167 4487 3485 1710 3561 1724 2023 833 3397 7633 5170 1045 1957 1972 1175 1667 2583 1749 4059 1108 1373 1625 1572 1510 2209 4594 3938 1390 1731 1336 1463 1165 1539 1638 1162 1149 984 
417 583 1288 2068 1303 1397 1269 3341 1936 3822 1081 1636 1408 5226 3428 5557 3576 1000 1632 1429 2734 1388 1907 1254 3564 1186 2880 1130 1000 1723 2500 3209 1762 3777 1866 3670 6082 2921 4926 1789 1878 3688 1612 2635 2020 1210 1769 1597 4449 1983 2129 2642 4400 3274 2412 2437 1980 4079 2519 4070 2713 4343 2079 2786 1559 2212 2308 2405 1564 1183 1494 4443 1379 6734 2699 1848 3495 2188 2435 1196 1660 2611 1254 1352 1700 1546 2580 1424 1530 2184 2455 3238 1118 3304 1864 827 2428 1487 841 1364 
389 801 1736 1548 1332 2468 1496 2420 844 1905 1515 2302 3704 3917 2264 3542 1267 2123 1975 4871 2751 2685 3557 912 2992 1235 1494 1485 4725 2765 3420 3512 1690 2364 4408 2142 3952 1825 3139 4035 1284 2208 1903 1731 3553 5846 983 2060 3320 3673 2542 1276 1646 2394 2001 2530 1098 1972 4562 1343 1245 3061 3844 3117 1028 1766 2877 2554 1222 1642 1837 804 2868 1050 1271 2859 6442 3236 2542 1356 1289 1336 923 2876 1963 1248 2169 1662 2315 985 4147 1623 1772 2285 1741 3010 3415 1760 1882 1880 
3529 2214 2337 2170 4396 1042 2948 3033 984 1681 2076 3046 2239 1683 4211 1807 2620 1378 2720 1838 2328 3053 3038 2014 4262 2088 4082 2287 2117 3230 1692 3026 1965 1441 1363 2659 2080 1325 2143 2202 2491 5843 1995 2480 5175 4052 3999 1384 3263 1553 1771 1860 2128 2599 1544 4777 3429 1917 1876 1928 2453 2512 1448 4215 1428 1852 2451 3411 2111 2948 7021 5010 3285 3457 1043 2523 3187 6986 1636 4746 2651 5739 1836 1993 1597 1841 1389 1275 1009 1107 887 887 664 466 455 366 358 386 345 306 
476 680 2605 2769 915 5246 2258 3484 1756 1657 2428 2727 1754 2607 2551 2027 3224 1914 1946 2735 2775 1986 1408 1813 3861 2091 2240 2292 1858 3118 4541 3296 1971 763 1198 1997 2570 1692 2936 1609 3845 4742 5616 3253 1771 1524 2234 3229 1491 3318 2686 2996 2944 3068 938 1370 2681 2107 2700 1844 962 2370 1540 2202 1324 1923 1924 3274 1059 1547 3332 1746 1498 2118 2364 3166 6792 2264 5193 2248 2574 2801 2188 2136 1149 1340 2403 1496 5886 1698 2901 978 3890 3036 3291 1886 1242 1453 1141 1048 
4233 2520 1051 1698 915 2262 2274 1683 2808 4147 1609 2015 1759 1894 1383 2396 1053 4270 2955 3040 2246 2283 2180 2059 1431 1873 1539 3010 1253 1653 3989 1787 2282 2726 2428 2502 2699 1973 2006 2203 2831 2391 977 5674 3300 1136 2098 1907 692 3304 1145 1599 2826 1345 2631 1493 1400 1004 1717 1817 2133 4678 1726 2546 1218 1778 1339 2332 3265 2024 1766 1905 3588 1916 1574 2356 1561 1414 990 2697 1864 7211 2545 1461 2302 1992 2014 3332 3549 1388 1694 1545 1488 2250 1623 2869 3631 1707 5610 2354 
453 787 1997 1255 1580 2310 1442 3965 3388 2625 2900 2551 1426 1353 1554 1559 2217 1724 3563 1408 3028 2076 2672 1476 2507 2666 4112 3082 3070 3090 993 1621 797 2851 2163 1537 3747 2994 2448 1642 1956 2768 2314 1507 1752 1239 4584 2064 2299 2485 1710 3848 736 2261 1694 1790 1287 1420 4584 3199 1699 1893 1486 2154 3074 2186 1304 2686 2593 3562 5041 2055 2646 2270 1727 1970 1152 958 1773 1342 7311 3126 1546 2036 2110 1755 3405 2114 1145 2301 2078 4036 1941 3240 5876 1129 2701 1762 1728 1837 
525 1362 1704 2004 2098 2062 3817 1969 2534 4821 1274 2273 2512 1595 3651 2433 1405 1956 2438 1513 2713 1868 1647 1182 2500 1764 2286 4149 1693 1488 5110 1521 1443 4065 1548 1854 3263 2536 1860 1838 2334 2491 6084 1157 2011 1574 859 2157 2069 2537 2004 2155 2156 2100 3400 1733 2978 1371 2242 2347 3202 3611 3259 2355 2308 3332 1323 1302 1111 1253 1630 2938 3071 1563 3671 2763 4562 8000 5380 1442 1659 2134 2012 2516 1644 1942 1162 3724 2311 2098 1147 1125 3096 1731 1992 3238 1522 1983 2851 1591 
2527 4096 4724 931 1978 2152 1500 1848 2565 1603 2355 1477 4071 2055 2092 3679 1894 1640 2999 2967 2390 2349 5448 4445 3435 1469 1507 2889 6597 3083 3308 2086 2040 779 3020 3017 3929 1303 3389 1959 2017 1596 1183 3763 2557 3180 1523 2552 3198 1860 2053 3503 1898 3336 2844 1801 1421 3428 2334 2832 1290 5393 3097 4227 1240 4840 7820 1440 1622 3111 1879 1180 3336 6938 1623 1520 1711 2347 2402 2234 2022 1952 6018 2699 1736 1203 1847 1008 1085 717 835 641 562 468 385 397 348 343 323 326 
601 2346 2677 2393 1959 1168 4239 2163 2588 2262 1521 1495 2310 2466 2164 1300 5120 2317 1381 1972 2952 1160 1831 2612 1881 1599 2709 1748 2978 2935 2644 1232 2474 1640 2712 2096 2327 960 1200 1824 1959 2095 1981 2489 1592 2105 2203 1768 1093 2624 829 2715 4704 2010 3326 2316 1884 2997 2491 1454 3194 2193 1690 2439 1466 1867 2389 1571 2626 3962 2555 5454 2728 3308 942 1227 1419 7659 6558 1553 3263 2992 4954 5397 2142 2101 2377 2541 2476 1912 1598 3254 4567 2616 1663 2432 1429 1394 1786 859 
2799 1939 1380 1665 1434 2383 2788 2182 1927 2781 3101 2459 2222 1368 1378 2550 3310 2316 2261 2163 1767 2892 1725 2883 1444 2124 5359 2363 2195 1123 4852 4164 1716 2662 2650 1906 2836 2338 2796 4503 2686 3406 1255 3174 1273 4096 5378 2136 2225 1388 3468 1939 1546 2737 4994 1963 4585 2558 2018 2747 3212 1719 1928 1448 2692 1780 4696 1138 2861 7597 3508 2454 1951 2965 2849 1800 3973 2710 2609 1746 6684 2727 1763 2316 2058 1583 1881 1995 1183 1085 1528 1006 848 766 504 486 452 378 354 362 
680 1256 1928 2938 2057 2037 3449 4733 1494 3644 5395 3280 1321 1230 2780 926 1492 4201 3578 5161 3118 3199 1895 1269 1572 1788 5374 1886 3514 3371 2848 3384 1227 1359 1877 2933 1677 1475 2053 1615 1239 2395 4758 1578 3566 2410 2065 1794 1281 1882 1806 6018 2689 2117 1921 1087 949 1825 1210 1835 1750 3239 1348 2292 3040 2417 1266 2207 2456 2659 1981 2197 1593 1104 2848 7396 3008 1816 1018 879 2222 1691 3312 1436 868 1665 1005 1120 868 1507 1336 6199 1877 951 3591 3436 2150 1552 1815 2824 
609 1150 1576 3110 2471 1578 2776 1585 3780 2754 5354 3135 3357 2512 4065 1886 3296 4707 1757 2453 1540 3924 3285 1221 2328 3703 1856 3319 3176 3324 2608 1560 1683 2604 1806 1396 2237 3674 2948 1146 2508 1428 2226 1511 1370 1135 3099 1021 1426 1676 1405 1712 2242 1816 4231 3042 1407 1763 2785 1145 2161 2462 1254 1669 1018 2891 2577 1584 1704 1368 1185 2790 3154 1708 1475 1214 3119 10557 2907 1857 1370 1941 2372 2212 1753 3463 1261 1551 3801 2459 1691 3710 1441 1949 3386 1368 2855 1371 1687 665 
921 3648 1880 3569 1304 2785 2603 4389 2173 2505 3333 1832 3067 2546 1162 1502 1677 1336 2362 1921 1374 3694 3370 2309 1739 996 1706 4271 1632 807 2967 1683 1914 1277 2067 2522 2181 1900 2366 1984 3547 2039 2348 910 1288 1314 1352 1158 1546 3518 6195 2523 2935 1636 3638 3222 1736 3184 1932 1974 1869 2539 1649 1924 3063 3567 3139 4560 2181 1709 3778 1222 4475 2094 1356 9042 2768 1222 2362 2356 3454 2246 1378 1723 971 2331 2757 1960 3533 1568 3573 2493 2623 2240 1206 1716 3019 1042 1718 1111 
1427 1521 3006 2381 1641 1123 2552 2450 2535 3131 3255 3831 2482 1895 4246 1089 2500 2752 2792 1855 1644 943 2172 1883 1966 2617 1787 1843 2687 2526 2095 1468 2066 2532 1441 1085 2674 1977 2478 4094 3779 2896 2443 784 1170 4416 2815 2516 3244 3728 2625 2591 1803 3268 2563 2448 3158 2526 1008 2563 959 4396 1235 1803 2926 3673 3569 2386 4852 2079 2088 1547 10384 1506 1613 1153 1906 6397 1648 2475 3964 3373 2277 3238 2555 2890 2085 1939 1907 1426 2356 1728 1058 1392 1093 1025 892 1029 643 432 
3685 2861 1652 4638 1675 1466 3233 1827 2383 840 3024 2090 4336 1818 888 3502 3234 2936 1939 1400 2746 2271 2384 1484 1185 2545 2159 1981 3113 1995 2716 2274 3554 2206 1496 3409 1952 1053 2224 2474 3068 4341 1470 2791 4718 3473 2510 4085 1638 2042 1901 2677 4844 1419 4392 3263 3832 1886 2041 1285 2864 2927 1703 1931 2050 2236 1262 530 1580 992 1980 1930 1436 8676 5164 2398 1940 3334 3212 1337 1900 1399 1411 2456 1889 1726 1837 3058 930 1528 737 1832 2143 1176 1261 1188 1321 1811 1259 1114 
1078 2638 2632 2041 2145 2596 3238 4148 2661 2743 1436 1182 2353 1197 1619 1638 1469 3152 1544 1917 1839 4907 1361 2104 1681 1737 1821 4401 3091 1879 1746 2265 1973 1472 2599 980 1534 1740 1348 2973 1616 2167 1999 1593 2796 1798 5316 1970 1841 2424 3136 1651 1670 1059 1384 3304 2822 2742 1504 2729 2231 1877 2218 3071 1246 2082 878 2138 2304 2040 2391 1686 1772 2104 1642 3056 1025 1412 1566 1394 3835 1852 1106 6732 4051 2169 2834 3058 1211 2230 3275 1354 1849 1353 1862 1495 1241 1890 2241 3726 
1124 2423 2306 2094 1708 2816 1654 1804 2513 3677 765 2047 2894 4379 1648 2277 2235 2941 2928 1912 3560 1910 1680 2388 3354 1403 2657 2840 1358 1324 1609 3067 2019 2894 3941 1475 2507 2150 5651 4521 4686 4320 2146 1277 1594 1115 1423 3249 3410 1653 1414 3007 1019 1304 1787 3621 1733 2149 1316 979 2567 1763 977 3434 1716 1858 3128 3293 1507 3192 1517 3576 3665 1688 1010 1518 7544 1511 1769 2313 2806 2888 1983 3372 1764 5009 2273 1591 1316 1533 4593 3614 2229 2484 2419 1551 1792 1549 1066 1575 
2763 1589 1103 2418 3083 4080 1490 1664 1902 1587 2619 2416 2421 3809 5606 3235 1814 2452 3129 3156 2519 4443 2410 2049 2554 1045 3490 1871 1785 1380 1279 3443 2429 1912 1854 3717 2902 3234 2614 3948 2133 2338 2100 1467 4096 1032 2045 2300 2249 2128 1991 1199 2293 890 1800 3233 3011 1648 3138 1263 2722 1552 3345 3696 5072 1702 2991 3321 1230 3283 2362 6638 1312 1955 1684 3358 1681 1370 3053 1962 797 7159 1423 1708 1716 1853 2242 1381 2914 2350 3812 2252 1502 943 1775 1328 1198 784 690 517 
1105 3343 3966 3347 1686 3416 1874 2234 2350 1930 1481 1050 5291 1547 3777 2787 1412 1949 945 4006 1121 4371 3033 1547 1515 2203 1352 6313 1618 2541 2137 2257 4567 3146 2510 2105 2668 2437 2458 1549 3911 944 1077 2189 3440 3337 2242 5991 2792 1943 1448 3328 1294 2606 2057 1496 1315 4828 1476 2923 4149 3335 1141 2783 2968 1875 1439 6086 10797 1839 2580 1515 1425 2855 2176 2481 4059 2184 2165 1244 5906 609 3134 860 3192 2391 3183 1449 1419 1369 1416 817 1108 897 588 629 447 386 376 338 
2235 1952 1657 2131 1158 2514 1633 3826 1841 1096 1381 2349 3264 2290 1489 1603 2445 1559 1996 1951 1821 1199 2151 2806 3167 1253 6964 4143 1917 3964 5944 2272 1030 2820 2803 2564 2629 2275 2328 2055 1144 2263 1251 1809 2030 1111 1400 6000 1369 3330 1109 1216 1097 1775 2757 3245 3550 3436 1471 2003 3711 2975 3633 1524 1527 1530 2387 2782 3849 3445 2681 2024 2730 1089 7220 3127 2745 1492 1280 2715 1306 2318 5615 2196 1224 1182 1774 1520 1321 1683 4548 1730 2208 1881 2689 2315 1201 1420 1377 1047 
1917 1417 5190 2266 2536 1624 1972 2660 1643 3411 3635 1432 3356 1202 1488 2720 2725 2463 1455 1692 2999 2855 2124 1137 4133 1403 1240 4629 1560 1277 2236 941 5234 1558 1821 2475 2323 3058 4478 1623 5961 2759 1707 2151 1240 1693 1152 2869 1753 2961 2120 3005 1918 1742 2984 4205 1664 3576 3381 2317 1188 1524 3367 1817 2410 1473 3296 1595 2627 2323 4524 8952 1440 3711 1020 1782 2240 3250 2007 1421 2061 1776 1729 4011 2568 1607 4029 5282 1920 1500 3293 2785 1570 2073 777 881 603 518 476 392 
2136 2290 2982 1555 2291 1384 3048 1990 4088 4464 1883 2165 1719 2219 2049 2344 2001 2859 2754 2316 1526 2583 3172 3415 1651 1882 2496 2188 2135 1180 1382 987 1721 2035 1585 1276 1229 2309 1836 1829 5232 1311 3216 1660 1905 3701 3270 1471 1331 1514 3334 1854 3925 2053 2112 2165 3334 1683 2366 1632 2845 1379 3389 3110 2844 2278 1319 1764 2566 2420 1990 2984 1327 2396 918 2521 1430 1265 1739 7610 2153 3067 2584 2472 1945 932 2044 1484 1574 2421 2784 2924 4382 2062 1724 1151 1786 996 3849 2460 
840 4321 2916 3851 5178 2329 1674 1197 2035 2240 3101 1696 1582 1967 2112 1822 1724 1795 1656 2022 2580 4001 4217 1280 2986 1549 3519 3269 2826 2578 1247 2046 3629 1833 2573 1795 1344 1754 2775 2753 2427 800 2013 1506 4190 3751 1721 2830 1164 2289 2617 2429 2505 4556 1910 4166 1453 3187 3070 959 1871 2754 2979 2452 2620 1299 2626 2916 2240 1452 2077 3050 1899 1287 8200 2452 4813 1750 2858 3946 1947 1471 1859 1452 1698 2922 1943 1842 1228 1527 4224 1961 1683 3024 1850 1838 1048 1334 1112 835 
2069 1675 2365 1795 2920 3340 2422 1599 2483 1846 1554 3235 5124 1068 1875 3665 3225 1599 2145 2573 3078 2455 1340 1199 1139 1140 1928 1586 1520 3006 3492 1762 2896 1395 2546 1814 2283 2053 1936 1411 2040 1993 2849 824 3023 4681 2836 1654 1107 1095 1160 1589 2637 1653 2503 2557 3156 3379 2872 2446 1362 4525 3419 700 1329 3564 2553 3298 1397 3402 1897 3575 4965 2452 3412 6949 1116 3032 4629 1976 1444 1861 4811 1705 2730 1679 1399 3193 1194 1222 4023 1392 2787 2020 1016 1951 2385 1527 1558 952 
1123 4892 1509 1903 6043 1194 1562 4753 1082 1279 1836 1901 1049 985 1579 1947 3840 845 2083 2161 2826 4362 1388 4579 1491 5172 2764 1667 2091 1654 1325 2640 1849 1355 776 3434 2236 4369 2036 3723 2450 2614 2026 2795 2421 1859 6326 1319 2922 4217 1291 1335 3022 2247 1356 4126 1868 4423 1441 711 2314 3758 2468 2685 1502 1600 2637 2189 3429 6521 2860 7348 2219 2975 5000 1037 2272 1143 2812 3984 2809 1701 2048 1603 1592 1527 3113 2380 3533 2180 750 2644 1309 1461 881 1410 790 553 470 469 
1419 1163 3203 1671 2089 3065 3528 3991 1177 3254 1105 2341 2285 2015 1824 2196 4204 2092 2348 1820 2849 3070 912 1327 3655 4772 1884 1959 1134 3638 4077 2741 1317 2131 1753 3131 1290 1850 3804 1484 2109 1640 1392 3881 2078 1995 2985 1117 1807 2867 2368 3284 2768 1343 3333 1627 1741 2193 4875 2062 1945 3951 1332 1485 2575 2601 1041 3470 2475 2131 2991 1726 2217 2754 3006 7511 3504 1228 2194 2043 1694 1483 1472 1280 1616 6397 1914 2554 1481 2471 1344 1289 5849 1286 975 2277 2032 2507 1072 1076 
1242 4249 1845 1559 3013 2126 1984 2641 1585 2893 1280 3640 3944 1890 2464 1784 2206 2311 2373 1477 2517 2483 1146 5154 1486 1398 2181 2549 2133 853 2378 1612 1953 2643 3802 1882 2296 1941 3964 3082 2271 981 2890 3065 1543 1656 2507 1409 1121 3587 2449 4166 2429 2507 1373 1204 1705 2533 2023 1373 3073 1586 2812 1205 3109 2351 1484 774 2975 3205 3949 1576 1141 4173 1786 1314 2332 2685 7031 2771 2161 1097 2321 2610 791 1473 1682 978 1512 1623 1861 3453 1900 1618 2018 2429 2638 1132 1964 2453 
1662 1716 3371 887 2221 2310 1052 1918 1451 2914 2993 2231 984 1469 1834 2128 3518 2987 1835 2338 2194 2499 2511 1575 4637 987 1876 996 1406 2905 4281 2107 1550 2694 1265 2851 2644 1319 2337 3079 3075 1291 3326 1694 2166 1938 1250 4020 3587 2897 1247 2687 2181 1263 3352 3104 6198 1589 2171 1686 2292 5720 1355 2860 1856 1963 1233 3266 944 1296 1911 3988 1365 855 1749 6406 6694 2345 5080 3234 1263 2146 1418 802 1805 2025 1008 1313 3027 2188 1574 2424 965 1923 1054 4605 2199 2215 1541 1250 
3067 3461 5303 1800 1979 4755 5146 2569 2858 4106 1047 1329 3853 3594 2435 2194 2334 1971 3473 2039 3192 3033 4684 2557 2937 2235 1214 2639 2427 1961 3000 3102 1898 3123 1142 5459 1959 1964 2034 1184 1109 3272 2631 2084 3061 2491 1662 2516 2130 1720 5742 3281 3499 3097 2149 4313 847 1932 3628 1938 1638 1813 1502 2693 2493 2022 1838 7161 1925 4281 3720 941 2320 1020 1098 4338 1939 1392 2820 1332 2200 2427 1234 1111 3021 2439 4347 1496 1128 2736 1207 1021 1050 696 520 426 396 371 346 369 
1918 4505 2192 5201 2135 1731 1051 3026 968 3373 2224 1692 2339 3940 2257 3956 3113 2527 2279 1962 2569 4841 1646 3424 2384 1651 2872 2182 1697 4238 1822 2833 1960 2513 3047 2040 1308 2047 1626 1382 1812 1754 5348 2218 931 1780 2845 2435 1570 1277 1917 3829 2208 1149 1435 4552 4004 5783 3531 3727 1762 1247 2038 1862 3428 1525 3657 2450 1916 769 7470 2287 3397 2088 2838 3670 2013 3029 2522 1443 3645 2204 3085 2898 907 2573 2202 1247 1369 1481 1978 2352 1447 1053 697 843 1071 649 420 458 
2515 3123 4066 1405 1742 2067 2084 1763 1141 1593 2143 2569 3197 1214 2010 2000 1717 5242 2109 3124 1771 1565 1310 1908 908 1606 2667 2994 3051 2512 3584 1836 2235 921 3763 1612 5905 3893 2957 3818 2764 1179 1084 1589 1958 1879 5690 3240 1711 1063 1662 3609 4960 3547 2789 2050 3274 1130 2244 797 1584 3374 2162 4170 1503 1401 1897 1540 2460 5309 1320 985 2469 1311 6364 2099 1419 1559 1357 3767 4884 1691 4703 2098 1551 932 2742 2892 2506 1363 1192 5071 2445 2535 1645 1876 1477 986 1040 966 
1354 1962 3750 2962 1420 2890 1951 2772 1637 2368 1733 2662 2593 1148 2020 1474 1056 1566 4227 3383 874 2211 3113 3273 1114 3498 1331 1751 2767 3370 2085 1635 1641 1833 1848 2965 1892 1382 2861 3020 4437 4170 2221 1932 1674 1416 1133 3988 2832 1730 2737 2437 1907 3098 1073 3317 2077 1465 3254 2405 814 1089 1932 5335 2417 1681 2717 3771 1182 1438 2012 2487 4134 5062 1695 6899 2011 3019 1460 3376 3498 1342 1693 2377 1218 1713 924 4036 1381 1736 1429 2709 1761 1525 3630 1134 2975 1158 1667 875 
1260 2714 1882 2475 1680 931 2322 4406 1579 1082 2099 1854 2031 3226 941 2010 2767 2525 2027 1729 1614 1903 2337 4545 2192 2080 6196 1922 1799 2355 2235 2414 1604 2104 2336 2801 4716 2422 3431 3115 2926 3821 3685 3148 1590 1852 2390 2541 1142 3325 1917 3277 778 1423 2210 1568 1677 2376 3390 1777 4721 3584 2767 1362 2071 3426 3493 3783 2695 2369 678 1543 1583 1368 6944 2129 1855 1034 1189 3275 1598 2144 5396 1461 2061 3359 1826 1118 2068 1599 3072 3266 1437 1431 2997 1907 2218 1087 1853 675 
2313 1638 2768 4132 4075 1551 2814 2654 2050 3623 5115 3036 1361 2563 3027 2484 1732 3079 2814 2718 1537 3643 2118 1191 1850 2631 2999 1993 2484 1975 2485 2989 906 2739 2097 1797 1788 1382 1689 957 2418 1338 2901 2062 1388 1891 1997 2865 3524 1396 1175 1625 1462 2309 1267 2733 1731 2890 1541 1410 1609 3482 2043 3397 3326 2657 931 3073 4995 3848 4145 2045 1968 3228 6234 4138 1664 3625 3318 2583 1070 2631 817 2088 1771 1752 2754 2160 1648 932 3114 4235 1846 2946 2208 1742 1107 1225 1732 812 
1293 1515 5387 1369 1192 2855 2870 1138 4715 2101 1424 3031 2093 928 2973 1250 786 999 2651 2020 1481 2667 1521 1626 1284 1705 5485 1017 1479 2580 3101 4831 2182 1685 2726 3471 3320 1233 3149 3637 2126 3747 1969 691 2309 2439 4000 2861 2125 3339 1002 2621 1108 1624 2943 1670 1290 2643 1627 3477 1505 1715 5056 2081 1131 2141 1238 5492 2562 2221 2311 3777 2455 2588 2690 6802 4244 1307 1853 2364 3166 1688 2831 963 2595 1746 1779 2070 1387 1803 2389 1471 2998 2525 1214 2263 1845 3134 1008 1571 
2040 3990 1730 1686 1698 2236 1533 3237 1540 2346 3214 981 1519 1447 1346 1739 1852 913 2625 3343 6492 1180 3199 1677 6000 1839 2290 2870 3158 2178 1697 4281 1286 2651 3075 3158 1606 2489 1791 1207 1037 2224 1240 4616 3194 1727 1221 1769 898 1536 2833 1688 1526 1957 2915 1293 5099 2104 1778 2677 2683 2580 757 2540 2479 2081 1927 1390 1490 2259 2245 1933 3138 3709 4485 961 1380 7805 1746 1391 2353 1570 1599 862 2989 1726 3201 6526 2173 3048 2018 1238 3221 1355 2056 2283 3709 905 1723 1641 
2268 4112 2435 3523 2135 2998 3914 3378 1226 1683 3341 3525 3426 962 2598 2185 1495 1917 1392 2361 2578 3332 1249 4252 1599 2810 2480 1132 1542 2220 3105 1593 1646 3921 1541 3577 2877 3614 2834 2384 1939 2209 2091 3010 1233 3630 2098 2445 1448 5769 1064 1953 1205 4370 2107 1142 2129 2950 1118 2095 1409 1181 1924 3032 2771 4261 1248 2978 4287 2197 1106 3500 8183 1055 4951 2743 1863 1060 1404 1643 1015 2232 969 2269 4355 1664 1720 3292 1152 735 4579 856 1688 2673 1864 2053 898 890 1327 677 
3283 1503 3284 1462 3586 3397 2404 1731 1074 828 1529 1164 2693 3367 802 2311 1417 1826 1636 2041 1978 1573 1739 2429 2046 3095 1683 1271 1614 1723 2418 1103 3494 2373 1540 1139 2570 2371 2053 2756 5019 4980 1713 1771 2388 1695 993 2436 2041 2378 1816 4433 2109 1498 823 2021 1996 2777 1720 1208 1722 2061 1985 1298 2499 3274 3380 1875 1217 4076 2702 2076 2564 2723 4840 1396 2260 3962 2163 1271 7091 2849 3538 5619 2612 1858 980 1557 1101 2047 2374 4999 1556 1041 2059 2130 3497 2898 1301 2150 
1736 2210 1011 2677 1663 1134 1079 1928 921 1322 2191 3009 3497 3310 2397 1257 2556 1513 1340 2461 1874 4147 1794 1728 2371 1139 1933 1695 1706 1457 1849 1614 2434 1612 2908 2164 2063 2707 3029 1037 2157 1025 1281 1233 1615 1198 1079 1589 2381 1535 2067 1012 1323 1288 1857 2526 2661 1931 910 1369 5271 3722 2976 1153 1201 1169 1259 2013 4484 2056 1754 2905 2985 1929 2045 1800 1372 1450 1915 1542 2997 2953 2764 2894 2743 1758 3509 7097 3509 5024 1562 2606 1654 1070 2742 1286 1854 2013 1258 2643 
1824 2102 1403 1641 2064 1918 2898 2520 1580 2279 1579 2321 3596 2307 1827 1702 2165 3601 1962 2083 2943 3371 2155 1074 1602 3888 1507 2823 1570 2009 1722 2743 2809 2317 1434 2140 2326 3795 1766 1476 2802 1807 2262 2456 2687 1569 1604 1798 1710 1314 3089 2094 1632 5238 2182 2415 3767 1578 1559 6305 2773 2231 3485 4375 2594 3273 1307 1888 3041 1935 4890 1371 2068 1469 8975 1700 1581 1379 1461 3246 3504 2270 1986 3759 1876 2305 2344 2552 2021 3460 1727 4102 1392 1965 1849 2100 1491 983 1228 873 
2281 2329 1626 3995 1173 1473 4440 1114 2974 1092 3351 1360 1381 2800 2150 2109 1095 725 2068 2424 1218 1443 1982 1475 1450 2341 4754 1963 1675 1424 1852 1255 2735 1102 3558 1909 747 2978 933 4323 3193 2164 1926 2701 1990 3172 1747 1091 2620 2546 4895 2430 2602 1430 2828 3577 2190 1154 2410 1964 1410 2622 3887 1012 1249 1345 4701 1206 1797 2073 5404 1663 3080 2450 2338 1382 1295 2920 1943 8581 1972 2862 1208 1810 1872 2840 4913 1374 1558 2859 1546 4179 4728 1529 2976 1917 1419 1717 1445 1391 
2608 3000 1416 1912 2779 3151 2449 1392 2933 3280 3008 3440 5135 3912 1113 1891 1361 2415 2686 1617 1807 2686 2509 1142 1485 2038 2181 940 3324 1360 4019 2330 2055 2260 2647 1481 2974 3590 2941 2472 2415 1416 1610 3894 2477 3006 2394 2660 3039 1943 1772 3913 2512 1856 1729 1163 2214 1333 3293 1748 1050 1611 2760 2218 1433 2962 2549 2392 1291 3244 3547 3716 3127 6694 1916 6705 1456 1545 961 1487 4382 2806 1913 1848 2462 1346 2870 1795 3834 895 2233 2833 1778 1654 2094 1117 1206 1085 596 865 
2498 1903 1217 2398 4066 2061 1616 1674 1554 3433 1242 2244 3321 4718 2646 2562 2137 2383 3526 1081 1750 2200 1563 3008 1910 2974 1084 2631 1505 3099 5022 1449 2966 1204 3355 2897 1652 2301 1652 1852 2964 2062 1941 1886 1136 3419 3012 1541 1009 2263 990 2308 1033 1209 1568 1941 1119 1166 3036 2807 1930 1489 2749 1649 1123 1541 4258 2572 2679 2265 1988 1750 1928 1406 2138 1161 1783 3552 2592 1822 8059 2737 1085 2032 3276 1407 2877 2229 1332 1623 1536 5032 2653 2152 1957 2109 2621 4499 1640 1793 
4454 1613 4299 2028 3306 2814 2331 4169 1610 2554 3339 1545 3728 2536 1021 2462 1371 4802 2007 1262 1380 2405 1816 2807 1736 2138 1238 1686 987 1936 1631 1255 947 2162 4223 2645 1501 2413 1955 6149 1246 4335 2238 2045 1657 3461 1284 2217 1355 2512 4583 2052 1813 1399 2461 1983 1649 3006 1767 2530 1600 937 2613 1763 3297 3342 1343 4750 2041 3141 2018 1685 4703 8179 1040 1605 981 1877 2742 2067 3489 2566 7372 954 3265 1734 2386 880 3468 1303 2494 2149 2864 1154 2523 2114 1253 1005 505 603 
2239 2697 2539 1703 2008 1898 1576 1203 3506 1955 2105 2851 2743 1121 2678 1639 3771 1538 1732 4237 1949 2851 1923 3602 1665 3263 3862 1709 2297 2750 2195 1733 2349 2571 1660 2011 2493 1445 1960 1937 1693 3772 4350 2121 2679 2057 1254 1973 2175 2989 2128 1934 2145 1554 2282 3952 2791 2311 2846 2808 941 2947 2783 1293 2121 2588 3235 3082 2450 4290 2405 3947 9538 2078 3898 2846 3383 2613 2201 5616 5013 1639 1119 3592 1389 2094 1804 3335 1619 2821 1901 1656 2117 997 634 519 515 426 368 376 
1424 1796 5025 1818 1315 3442 1898 2624 1291 3042 3917 1912 3063 2495 3872 2191 3820 1046 1672 2742 1619 1503 1491 3692 2322 1728 1962 1155 2064 1968 3077 1015 4730 1587 2767 2061 1412 2099 1621 2508 2357 1565 3420 953 1648 2449 1598 1842 2949 1290 2168 778 943 3143 1835 2245 2794 3095 3186 3255 4157 1424 2194 2089 2474 3789 3400 2293 2127 2233 1605 1747 3731 1190 4389 1187 7877 1853 2752 1083 1578 3454 2558 1806 983 2113 5610 2823 1772 859 1430 3640 1719 2280 2781 1886 2599 1597 1637 1315 
