1623 5433 2721 16870 4237 17184 9497 6321 7441 4972 6091 3924 9973 9607 7122 7618 6741 6440 7400 5031 5624 3983 17365 3872 3960 3983 7644 6355 11606 15720 4125 3389 8298 4181 5904 5649 2715 7062 4838 6889 6084 3763 3093 9928 10030 3508 6707 11448 7867 5042 3288 5350 2506 5469 8437 6293 10639 4829 7404 10214 6651 8046 10563 6431 7588 7959 3219 5547 9680 11146 3557 12993 8487 5714 3761 13453 4701 10187 10924 21597 6658 8082 6783 7850 14379 18332 8689 7372 4394 6970 2714 7196 7512 5799 5419 3861 4794 4824 4071 2743 
1459 5519 2893 1894 8891 5751 8960 5903 9066 3712 4884 10037 2901 8088 3275 4014 5444 5324 13453 9143 9095 8203 9217 8333 10514 8160 10143 3715 2184 4390 13585 2505 5350 4416 10220 5231 9562 4706 12654 5111 4755 7544 3769 5657 11605 10740 6845 15971 4754 3469 3754 9888 1699 3622 11291 8718 3040 19446 4239 5355 4585 12793 10954 7746 3791 8736 8846 3544 14374 8096 3277 3707 12200 12543 6441 3942 11505 7044 7547 8336 4500 7302 4808 5103 8496 9780 6071 5053 4352 4680 10570 6918 8300 9494 5077 9652 4036 4999 7192 3426 
1637 6398 3458 1501 6455 13506 4364 10488 6554 5748 9167 12396 5038 12229 4022 8291 4020 4099 3241 4111 7469 7002 5185 4599 9869 11392 10347 3528 3306 9781 7129 3531 4800 7848 8387 7608 5796 4067 10120 5592 5659 9357 12545 9994 7575 5204 11818 5952 3915 3583 5455 9162 13416 6175 9176 8333 13027 2190 7160 3408 5921 7776 2407 3805 5165 4598 4692 7662 7372 7757 9567 5729 9206 3878 4929 7084 10211 3835 5931 4349 2988 6622 6458 11921 13605 2109 8976 6087 8442 4032 10563 3298 6716 7228 5939 2814 6695 5455 5447 5214 
4172 5049 4511 11524 6179 14314 5674 9472 8747 6872 6904 11254 3302 6121 3457 3541 8562 10138 5474 16875 5690 10099 6054 11671 5233 2462 12830 6435 10164 9836 3922 4378 4144 13600 8649 7324 4774 14790 6639 11517 9451 4595 8752 4356 29892 7633 8442 2815 4880 8477 8047 11308 7600 9739 7214 8498 13386 5104 5976 4570 3135 3280 9902 4010 2961 11129 4928 2704 6805 7200 6561 7613 11817 7894 8687 7941 8142 4455 8343 4308 7068 5676 8065 5799 5490 7421 8949 3142 5252 6303 2840 7341 6205 7289 4529 4754 5059 5583 4110 2356 
3947 7058 8286 5239 12977 13057 7887 7377 9752 3994 3789 12268 5223 8319 2962 5343 4242 5870 9481 11432 5733 10609 5369 6864 4948 3717 4741 13743 12736 7646 7609 7397 6299 14220 5656 7388 5395 3891 13193 5969 3782 10265 7339 4572 10045 6874 8459 5112 4810 3101 2380 7808 8194 7625 20672 5357 6022 5951 2683 10870 7451 5574 3376 8350 4681 3913 6069 9217 3179 6787 4328 5798 3493 5448 8085 3980 17270 6219 14020 9550 14576 7715 3209 4097 3200 3935 8727 7374 3554 2444 13169 10264 12345 5114 12721 5307 8215 5218 2907 3982 
3879 5776 7979 6642 4565 8763 11729 6092 4724 8036 15557 9264 4774 9825 6996 10378 5134 11922 4108 9011 4992 4472 2821 9061 11005 12671 7451 2779 5295 6632 6797 14719 5388 8911 10618 10476 4863 9744 3267 12744 7356 11582 13790 6031 9115 3061 4625 3378 5037 7592 6771 5342 18198 6306 3092 3395 10884 6634 8199 5710 3825 6982 8589 12402 8649 3515 3906 2704 8478 11109 9001 4002 3998 3924 7626 6270 8763 7269 10580 6566 7354 7285 6977 4580 5186 5809 5471 13213 9862 5830 5281 7204 3935 9069 9557 6639 4532 6158 4081 2999 
1601 5689 6711 13922 5027 9427 2921 2636 6713 8637 9718 5128 8836 13682 9171 3642 8730 11080 8766 7779 2553 15246 7439 25891 8517 9555 6034 17795 6310 8227 8093 6990 5733 9796 10028 7352 4120 11847 9153 6363 6456 5939 4522 11469 6187 4267 3423 4068 2720 2657 10827 7113 4749 6004 14369 7370 4645 11267 8766 6472 7387 4051 14381 9682 5631 3189 4244 2382 6386 3751 9250 6451 8349 6009 6793 19265 8699 4760 10101 8548 8159 5040 5510 5762 6410 3802 10222 4611 7604 10476 11432 6204 4438 5059 3788 4650 2745 2486 2144 1200 
1685 1368 6178 1566 2980 2861 7284 7672 4479 6805 5440 8409 15501 5723 6973 13981 7680 11327 7023 10654 3145 9167 11842 7052 7923 5762 8841 5257 4284 5176 6363 6259 8429 15443 3374 7384 7203 10156 6021 3560 8934 4736 6870 12316 6854 4656 10065 9463 4190 7391 7671 3339 4341 4894 3755 8679 3794 3816 4737 9773 4420 8172 5882 4174 9340 12253 12983 3908 9257 8495 2593 14257 12342 19458 5217 8333 5936 6959 6347 3291 7033 2097 7547 4329 7283 7081 12456 7715 11628 3953 6648 4844 5884 5994 9858 2979 6272 3653 4546 7509 
1406 7791 3524 5396 5840 8436 3687 6779 10970 9346 8268 4688 3516 9086 3335 7954 7009 14034 7202 6324 5484 5967 7991 5497 2972 6307 10629 8815 2096 11885 5311 7075 5968 5752 8154 2306 9491 9367 9390 12357 4574 5317 6783 5102 6561 10765 5744 9552 8869 9185 7121 10665 5259 4763 6896 4487 17090 4082 13025 12972 4539 4159 6544 14949 10391 9940 4792 4892 8487 5127 8203 6009 8691 3861 3578 10354 12057 7266 5353 7365 12599 6001 4408 13763 4722 11103 7348 5565 7182 8577 6123 12994 10041 3855 9372 6464 3762 4142 2062 3431 
1502 9767 9999 4532 7707 16196 7006 7018 6826 11249 11358 7385 9379 7473 6755 9041 8529 2772 8722 9308 7773 10628 2506 8445 7130 5814 5919 8644 5303 7349 2855 4690 4453 7106 11260 22356 3810 7155 4883 10440 5763 8022 11913 4591 5136 8798 11110 4703 8121 6129 9574 7113 9692 6314 5660 11821 6279 5893 6167 10884 6377 3816 6724 3725 8703 6574 13628 12267 7244 6785 10053 3816 5244 13245 10043 7220 3004 10406 5134 10727 9991 3409 6116 3915 9833 3490 5329 8719 14264 6952 2994 9976 2646 3658 4004 2355 3131 3364 2406 2208 
1423 6175 1890 4461 2504 11490 6560 11070 5654 2732 4519 8245 8693 13301 4165 9599 10906 5902 6087 15957 15250 7762 6568 8189 20141 7571 4613 12625 3521 15332 9610 6074 8897 3996 3382 4841 10136 17620 5687 8200 3053 6644 9151 6173 7274 7870 14314 14082 6336 10211 4342 18648 6040 1963 5209 5943 3791 8569 2779 7277 4569 5660 3410 12413 12662 13228 18978 4356 9677 12878 16027 6911 7382 6367 7272 4206 3721 8105 2225 6721 5067 8530 13268 4706 6271 13320 5280 8608 7700 4287 4029 5422 2758 2040 1341 1372 1097 1049 967 934 
981 5128 8119 8934 8317 8848 6078 6512 10019 8967 5103 14281 2573 17607 4855 13336 4692 3754 10297 8249 11821 3263 4991 3894 2447 8983 5766 7092 9867 6281 7339 11725 5243 4539 4726 8733 4584 10025 10645 5165 14197 3397 6424 5681 4076 3480 4606 19542 6297 10008 4756 8702 22765 7269 8772 4018 1896 8233 10604 7481 4765 2043 4310 5552 10137 3586 11891 4606 5653 6638 4413 2794 2978 3888 8017 10534 11373 3675 9310 2783 3656 4934 4698 11465 10762 2437 21151 6600 5828 15567 10817 5098 4611 7925 5614 3833 3382 4776 6808 3316 
5930 1754 3023 10316 4883 8894 7798 9297 11995 14774 10331 7157 11333 4381 8102 11914 7792 3688 10233 4350 7482 9218 9073 3390 1857 5714 10414 4636 4167 3249 11349 4109 4301 5358 4781 3654 4835 5116 7638 7092 15231 9343 7048 4422 14069 4693 5502 6819 14104 2249 7776 5751 3538 11435 3971 3848 5146 13195 3585 10047 1875 4372 5668 8665 5523 7834 5191 7507 11993 6618 5241 8277 10373 3254 3614 4153 5059 8439 6903 5649 8696 9039 7737 1915 8222 2643 9296 6770 20019 3969 10982 6497 12830 7736 3445 4455 5482 7315 7853 7406 
1390 6849 2422 5335 4277 9668 13688 10739 9689 3891 11673 4244 8052 3819 3615 12662 5263 15206 15195 9942 4417 9022 6937 2929 10304 3752 7301 9869 11816 5912 4286 8164 9120 6246 3010 7526 5180 5604 5975 3004 3797 5033 6892 4944 4167 12741 6624 9803 6002 14377 2801 7337 4927 8533 7562 6305 7998 10826 6487 8885 5238 8609 8633 10233 7874 8998 11482 6427 4691 2542 14156 3174 4046 14504 4050 7466 10954 12082 6074 7264 9582 4407 6069 4832 4324 11018 8111 5086 9636 6054 8046 6241 4959 3722 5228 3872 15026 6902 4677 2340 
4741 4443 7412 13097 14894 6045 6897 5309 3259 5770 8317 3640 6196 4015 6127 16709 12232 7826 4272 7156 5961 11537 5879 5986 3067 5556 11700 6641 2388 4721 4955 5294 6299 4131 5030 10487 6675 3553 14241 7266 3760 10484 6462 6105 2865 5646 3188 4688 5305 6776 7927 5471 3786 4342 4254 3746 7907 7570 18306 6384 7333 7964 5829 1816 5100 9455 5159 6646 7591 6544 8489 9444 5305 11996 5561 10716 4240 4430 7668 5199 13070 7129 13751 7622 5625 9425 6625 13467 3433 7003 3196 11223 5999 14857 7520 7009 8249 4590 3867 6947 
7237 1243 3838 3597 12330 9843 6363 8123 4469 12155 6060 7258 14998 7037 4818 13131 5114 3289 4829 7494 11539 4038 9280 6227 13462 6271 2491 5011 7261 5668 8962 7198 3153 11622 15230 11114 6553 5009 3288 4703 5271 6164 2248 6007 3603 10209 6783 5773 9543 2319 7519 2831 8202 11907 9731 4578 4909 4206 5921 8570 3159 9905 5967 5849 6356 6859 4871 9337 7106 6512 11371 8703 11220 13699 14323 8403 3020 12194 3981 2825 11981 7196 4203 3629 4209 6584 21121 9007 7136 4851 5843 3245 5465 3509 7611 5699 8976 3912 7560 5000 
7170 2300 6089 12517 11547 10955 5627 2210 6502 5382 8470 2719 11249 3741 10238 11913 8859 8102 6142 4749 5878 7568 7484 10969 4544 8462 11288 3115 10450 12997 5117 8009 6692 7795 2451 3774 15883 13398 10093 8211 7371 6226 11968 2254 3061 9840 14310 4789 7703 6218 6823 6122 3351 10565 4249 5703 8635 3775 10787 6188 5273 10642 4701 8583 10224 2698 11464 11264 8375 6610 13944 4503 13978 10233 4215 10393 11173 4817 9596 8536 4252 13673 4392 9638 3427 7548 7575 8180 6589 6463 3358 9960 4346 4876 4096 2662 2637 1499 1556 1293 
5203 1561 2954 7687 11727 5497 9193 4299 5704 7983 8270 9776 4492 2360 7644 3092 5982 8952 10101 4836 8723 5102 4750 8042 5656 5257 8966 4798 3573 7967 11339 24801 21130 5342 6680 3378 6476 2977 4072 4019 8640 9939 5290 11665 5135 4064 9863 7722 4116 4057 14318 4471 5625 22828 3430 3350 14411 6659 11019 5353 7657 8223 2098 6544 19088 6067 8243 3133 8564 4272 8611 15828 2641 9733 3206 3809 4668 6739 13827 5833 11055 11333 2837 8635 6521 13224 7355 3701 5821 6760 5519 6435 4176 8011 8796 5069 5105 4259 3833 2673 
5710 3982 7819 14738 9470 6743 8127 10042 9777 6180 9413 7383 13119 7723 6769 11004 4211 4276 7910 4592 4422 4243 4060 9223 4253 6534 7289 9419 4063 5530 4710 6388 4574 8333 12283 7626 5297 5813 8423 6253 5354 3760 14624 5155 9631 5386 10947 9359 16068 8322 10505 9556 8671 17391 13534 7139 4861 6748 6326 10503 4244 8489 6745 6276 4049 3286 11602 4013 7211 13597 6203 6005 4619 4998 20409 5577 7557 4005 5252 4593 4203 7799 9046 5227 6038 8274 6652 8352 3845 5077 3993 3501 7354 4974 5284 5960 3748 4459 3775 3756 
5465 1364 2700 2580 9230 8005 8225 8129 7034 10206 7065 9932 10389 3623 13135 13869 11791 4768 4939 5721 8089 3282 5856 16955 8176 6944 10267 5711 4902 7049 8560 8289 3488 6227 4426 9191 7246 6430 1944 8930 6527 3533 5716 4731 7631 6092 8691 6468 4820 19134 8269 3791 6129 5470 13155 11660 7988 20091 4277 17873 6561 14558 9273 3437 2792 3915 9477 4935 4683 8092 16277 8548 8036 5076 3819 12111 4716 4618 5301 9828 16155 10280 9834 6587 6803 6474 5391 10262 7993 8062 12024 4434 3369 3329 4276 2155 1583 1163 1104 1027 
4062 3408 3048 7592 7826 15676 4955 3998 8680 7229 7597 18055 13505 3071 6459 8767 5645 6289 3804 6174 9700 7581 5715 4999 5953 11390 2423 8497 5413 3680 5560 7121 2546 6089 3392 7422 4405 15111 6124 3406 5748 9926 8796 7595 4540 12427 5198 7366 6010 6729 4076 10875 8553 7764 7574 4656 6687 14515 5526 6744 12939 5488 11010 3804 4639 13156 12541 4783 10679 9125 2441 2456 8265 5191 11405 5655 9347 10439 3196 10800 9014 4706 5045 7118 8266 5714 9861 9853 8943 12861 14615 3513 6153 2722 4165 9128 7565 6272 3285 2095 
4936 8087 3962 3694 3029 5563 7576 8608 2322 12963 5370 14556 3115 4147 7981 11079 8053 6822 4569 3428 5103 4759 6021 2283 5061 3476 3960 2134 18400 6779 3094 4085 11602 5561 4042 6676 2758 3492 4970 5608 3324 10114 2401 2654 5065 4589 5146 14130 14595 9737 16484 6210 5562 5806 7494 2179 2701 15963 11379 5317 6881 3436 8243 5066 5790 8810 6354 3861 9129 13119 6914 14426 13527 4892 9345 11225 6407 3665 9292 6908 2491 6935 15979 2024 8681 9316 4279 8878 7410 6907 8191 2589 5893 6476 10458 1907 12819 10774 5090 9255 
5413 8185 6396 5383 8194 8804 13757 12319 4556 3374 6355 5057 4660 6958 7346 4677 9256 5676 3322 5952 8798 8073 5692 6658 15401 6090 9633 3676 10403 4476 8902 9389 5889 9206 4931 8552 5835 6048 4584 7578 6223 3753 7135 3434 4849 7835 10829 3582 7158 3613 10458 7468 6201 3903 4296 4889 7585 5656 2680 9606 8781 6899 11543 7536 4942 7269 8722 4945 5863 6135 3924 5940 4414 10789 5666 9562 7911 6508 5016 13907 5960 14206 3610 3912 5086 5043 6468 4239 7585 5103 1772 4959 6153 5681 5985 6027 3415 10393 3799 7859 
3730 6670 11906 5149 14660 6338 9595 4755 2716 5666 10018 8487 5814 8209 6533 6229 8898 4890 7845 3819 7681 13580 13934 13562 2701 6725 10375 5326 8853 10944 3648 12728 2947 2604 4908 21543 5150 6009 14701 6947 2641 9921 8376 15068 5501 12997 11056 4908 8425 13054 12098 11228 4835 5521 14171 6835 8525 17798 6722 12117 6911 5445 11933 9260 5689 8024 2877 7601 4759 10695 6703 6064 6952 7261 5358 5420 7602 4878 10005 5611 6780 6254 4435 5255 13635 7480 6244 4870 6542 5538 4833 2631 2346 1427 1106 1087 1008 952 982 978 
11730 6247 6101 5653 15071 4210 5441 3353 11060 7765 19016 3849 11541 7213 7993 4347 10496 6312 5911 7041 7639 7017 3832 3518 8721 9896 10684 8700 7735 7909 3860 9240 8529 3577 21695 4673 14459 5783 12978 8443 7796 8123 4463 5716 7057 7459 5478 2530 4857 8293 3642 7017 4214 6616 11050 3628 11507 10087 6897 11908 9127 3237 11149 6716 8778 6029 2152 2508 6397 5584 2996 12713 6616 4964 9320 8470 2452 7727 6836 5303 6288 7247 5350 6713 7463 3120 10130 10976 6153 9147 10289 5352 5764 3732 2912 5299 5935 3551 5143 3591 
5191 3264 6397 8018 2863 4871 14448 3165 16559 6923 2897 6011 16296 5429 11411 6541 8234 5846 14998 12141 2715 10852 17164 3596 8954 5158 10178 8206 2800 16748 13673 5474 6519 6076 7829 6126 4496 10571 10950 3273 5444 6097 8159 4957 10519 8821 5292 5896 13218 3248 7033 7277 7163 6597 17148 5873 7107 8303 11474 5651 2079 11412 15101 7639 3491 3622 9214 4275 13008 10298 4094 7151 3989 14923 4814 7991 4363 5258 19231 10236 4818 6650 7459 6204 11263 9757 7286 5061 6128 2686 2940 3390 2795 3384 2614 2508 1316 1165 1092 1103 
9717 12527 11634 9562 8932 10832 3642 3845 18493 6043 4262 5393 6951 3516 4130 3548 11036 5293 5450 7480 6841 7347 7774 7540 9166 4541 4637 17640 8141 5478 4682 10036 4873 5311 2907 9591 2939 7397 7138 6893 4551 5375 5449 4200 10329 5291 6988 3948 7813 11660 3685 8425 2495 6981 9519 4869 6404 6162 5642 7610 7627 5798 9268 3759 7315 10777 8829 5648 5092 7281 5673 8448 5371 8874 9855 5842 7399 4943 6343 7489 5920 3651 9995 6006 13352 3232 6327 3032 10093 6068 9875 6939 3898 3639 7436 4922 7587 7619 2960 13100 
4175 2228 4330 4521 7613 5470 3672 4767 10942 3643 4900 3197 3487 3907 3395 23853 4849 11109 6561 4924 6833 12020 9786 5941 8041 15827 14685 10245 5547 8452 5106 17452 4674 4221 4165 10183 5332 5919 8644 7114 11539 7688 6799 2737 4523 5680 4052 6033 3793 3447 5243 3013 2952 12111 7896 1985 2520 9672 6258 7534 4935 4016 7089 5761 14029 7759 3414 7333 12300 12243 5592 4001 7939 3919 5616 7452 12352 4805 5308 7035 2359 6263 2270 9575 6726 3785 4735 5917 4474 10927 12114 4820 6564 10919 6991 13910 7661 6537 8058 6151 
5673 5369 6996 5198 3375 7407 4406 4344 15296 14715 8460 12698 5229 14509 7651 9896 13552 6265 7053 8488 6888 13178 7430 7869 4750 3647 4980 4495 14857 6949 5755 5467 11011 11853 11813 3369 7240 4193 8149 5898 6156 17096 8322 9704 4524 12262 4819 3784 13331 6215 8610 3058 4349 5073 4753 10426 4063 4034 12214 5549 2088 6715 2863 13651 17924 18730 6911 7114 3358 11285 6358 9891 3455 2883 6157 4900 5317 8500 7168 5599 7459 4612 7079 9214 3728 4515 9070 9947 4750 2672 6555 6642 3793 5445 5368 5057 3810 2191 3590 2750 
3420 3351 5017 9553 7564 6072 5207 9047 7665 8627 7767 7227 5081 5517 3375 14832 7488 4559 12757 10556 8463 7041 4218 5965 9841 6519 4148 2099 5535 6213 7258 4190 8659 15908 4788 4969 5133 4359 15866 2957 7838 5681 3857 14035 4775 5546 9026 11005 4671 12609 2196 4971 6682 10717 12558 7717 2963 8019 6301 4332 2544 5282 6608 7353 12039 3830 7015 13122 4253 9123 9971 3656 8553 9366 7498 6319 4388 6067 8787 4649 5158 14566 7365 6963 9937 4357 10904 2437 4853 9363 13855 7220 13434 9236 5816 4263 2321 6235 4460 4052 
4340 3331 7469 4479 11903 5853 3378 8622 7312 2537 5154 4970 5271 3935 10857 4295 8953 6801 8441 5970 4932 4705 5664 4357 6843 5196 4460 12221 6847 4030 14010 3258 4347 5474 6020 4570 8940 8527 11046 5640 7908 4425 7561 7482 2181 8457 3520 4115 3763 4459 9002 14727 7741 5340 7482 8985 4990 5523 5767 15930 4182 2869 11540 13730 6222 10182 6683 7608 4945 6408 7818 4499 7950 8670 6735 5976 5337 2392 8845 3974 5002 12106 5692 8959 7277 2651 7092 4411 6961 10887 4974 4699 8233 7221 7404 4435 7098 7865 5534 7237 
5162 6639 10922 3259 8380 7626 4716 10655 6137 6332 7279 11343 8370 5423 14453 9504 7136 5410 5832 8198 5063 12901 3764 3884 3354 10614 14312 5805 7112 14601 6137 5396 6034 11491 5434 10234 11724 8098 3316 6061 9529 3607 5438 7919 9091 3306 11265 9705 9969 7087 3775 5200 10453 14727 11490 8245 5817 6740 4343 6915 15392 12293 14100 3742 8014 7854 11374 4313 7396 7618 3436 5546 3739 5039 5794 4099 5861 8721 5752 6819 5689 8507 7511 11748 11799 12583 5419 4520 5561 9404 11850 7770 4518 3550 1895 1955 1671 1303 1018 1019 
4102 4517 7749 17265 8487 3213 9557 10217 14773 4317 16778 3193 5939 5431 3635 6137 2553 5856 12811 5337 4023 4184 6777 5077 4571 8872 3104 2279 5128 6886 2310 2517 4822 5209 6382 6774 4607 7846 6250 7820 9301 6159 6562 5668 4019 5175 10966 4909 6848 3516 5222 3499 6902 4519 3428 20959 8124 10017 3286 3358 3297 8661 4331 10096 4164 5930 9319 5494 10810 6165 3910 3746 9733 4386 3636 7731 4129 11703 8296 12931 14603 2739 5871 5131 9832 3832 3731 8879 9498 8293 9265 10769 8615 4306 12473 8538 11070 5095 5778 2658 
3617 1234 2410 4010 7412 10741 6732 7704 13105 5792 9560 7340 17670 7747 8821 6109 7546 8586 5989 5869 4607 9382 9504 2469 16001 17080 8606 5588 13286 10237 12043 10357 12852 7084 4343 4389 4973 7414 4905 7379 9759 22109 10127 9279 14095 4150 9022 2023 9507 10785 10041 9637 5783 11078 5467 7261 2979 5376 6168 20733 18648 4919 4734 8120 5067 8478 4377 6180 3994 4057 3082 6743 7369 6779 15100 5335 4612 7142 3947 4038 9151 3377 2964 2749 4328 8005 4655 5293 3826 5160 4301 4118 4714 3712 2814 3980 4773 2275 3511 1987 
4534 948 2079 5754 15542 7490 8080 9659 4393 5737 6640 8996 17920 4791 3837 5879 4455 4726 6512 4188 7662 10064 3623 9142 6763 3914 5256 2610 18386 16359 6028 4288 3983 12781 6687 16106 11932 5879 15390 7645 8725 3702 6304 6790 6101 4970 7172 15015 3741 5643 8877 9617 6182 7027 16100 3892 9977 7315 4986 5621 6846 12713 3957 8894 3637 7801 3581 10614 11812 6198 7024 10021 9473 10705 5831 12438 8353 5197 6207 12830 2992 5626 5323 8430 6690 8317 4474 8801 6600 4918 3569 5755 7190 9061 4017 2575 4096 4083 2439 1973 
6434 5465 8767 8263 5086 6379 6568 10794 17224 5886 8659 9839 8746 4648 2991 5622 4121 4766 2996 5778 9666 6708 5811 5544 10167 8423 2450 9033 4164 2678 4753 7330 15172 4801 5299 9093 11767 19606 9027 5216 5557 4818 4463 5343 9140 6821 7195 7402 2942 4299 4911 6206 3913 10716 16274 17837 13691 7745 6858 7966 18016 3814 4170 4624 4652 3393 6415 4464 6863 5162 4228 7714 7166 4412 3830 3488 17936 18774 11526 10948 5905 5307 7866 6252 6218 4362 3458 11576 5098 13832 3165 7904 3936 3994 5393 5694 4806 7474 5502 1989 
7007 9900 9619 5740 4614 3930 5054 3702 3757 10633 7949 3542 3744 6399 7295 7212 4430 6487 5661 7729 6396 10486 3968 16555 10660 8992 8149 6287 15433 9694 13350 9867 7842 4117 2753 6821 3487 13550 6397 3359 3526 8188 7914 6622 3673 4503 13335 5591 5590 2416 3421 10661 6188 10469 5267 4742 12536 10846 4197 10149 16643 3857 4699 5211 6878 6551 12306 10062 4423 4130 12947 4627 9428 2649 4242 11717 5874 5868 4717 9484 5649 10032 12161 17206 14215 8223 9557 6060 5339 8037 8802 6779 9712 2989 4560 4837 6201 2605 2237 1719 
5067 10266 5707 2824 7067 5369 11112 8622 6800 5910 8577 5738 1868 5722 3152 11126 7590 3244 10487 18136 7062 16187 2995 12549 7490 8908 8749 4951 11632 15710 7447 7969 3322 5091 6235 6312 6036 7546 3203 15960 4422 5157 13977 5512 5128 2872 9065 3277 4910 5406 4281 3032 4367 8276 6632 5505 7741 8351 8816 6420 6585 6940 4003 8722 4123 5484 11166 3494 8020 6084 3922 21307 4398 17351 4206 8480 16469 3710 5327 5210 8713 9226 5997 2888 9900 5435 6280 3530 5097 8334 6325 3997 10918 3749 5659 9348 4112 3969 3522 3989 
7730 7667 6449 7163 8308 4152 4327 3660 7072 5968 7809 10076 4249 11412 6810 8333 10860 3725 2925 9350 10640 5192 9535 7016 7599 3854 4171 10234 9764 9893 5953 3020 5972 4318 8749 4949 3362 7285 6324 16458 7991 12142 4772 6232 3788 7164 6847 10308 5369 5058 14758 7259 3535 16936 6327 6823 8470 4976 12651 6494 12077 9602 3353 4518 6241 3864 3261 9734 5128 16001 3420 7455 7109 7915 5543 5851 8047 5657 2831 5040 8471 4432 6046 8952 11192 11645 7764 11443 9120 5853 8047 3053 7861 8149 7229 7527 3225 6511 2805 4789 
5614 11259 4123 13038 3075 4606 10378 3843 4122 15692 3845 8766 3498 11809 5909 7328 5956 13720 5009 11765 10923 6942 9156 10058 4386 8987 6090 8939 5941 16088 8368 4615 12449 4183 5553 5841 3147 6944 4860 9167 8290 5610 7651 14523 3706 5053 6480 2637 2951 7038 3269 7559 7729 5540 11191 7489 10159 3173 7558 12406 5562 6114 7819 4289 4972 3897 5149 7617 14781 5095 14215 15815 5042 5765 2263 9508 3822 6763 9015 9541 3384 10245 3758 5492 6940 8175 3547 7864 5238 3997 6408 8185 4010 10898 6714 6001 5962 2686 5001 6397 
4266 1936 8976 6481 6758 5076 5158 18122 6614 13719 6176 3209 11190 5484 6803 6488 13111 6213 6048 3588 6926 16645 3896 7840 9557 12979 1754 12955 6187 9769 12315 9575 22208 7204 5224 7087 3931 9493 5570 6642 6092 4986 9616 10682 2569 10040 6806 4857 7740 4812 5946 5401 7841 5196 1995 12662 3292 15440 7957 11005 7707 3972 5358 2142 5229 5888 7913 6005 8566 3740 5072 6559 3905 8112 8285 4430 6064 6424 3832 4195 9099 6009 4000 6520 3810 3893 10896 5924 4818 10407 4017 4909 8153 7657 3655 4622 9952 7465 5257 3574 
5770 1254 3402 7710 11827 4189 9155 11720 5427 8666 6456 3486 5507 2359 6972 3374 6481 4716 4524 19537 5614 6704 7990 6346 10277 13472 6371 5185 6123 3356 3444 13589 6871 2606 3833 7233 4247 9276 5467 11094 3058 3690 8166 11507 6345 10656 11898 7023 3953 5835 8385 12807 3916 7458 7324 6545 4966 5390 4900 7191 3984 9760 11078 10031 6569 6699 7105 5569 5955 3495 14072 4157 11997 3868 5711 5533 6131 6235 4084 7665 6018 6450 2603 4789 4398 12350 14334 7209 13748 8010 4357 5086 3034 7311 5678 7887 4199 5690 2824 4714 
2889 3055 3331 6052 6848 5419 8956 2507 3079 14335 6270 4476 2749 2909 12080 5179 2896 7677 2613 10392 9859 10854 12574 6569 9048 7280 5321 10958 8676 5197 6780 11006 5916 8166 8088 10408 2946 7366 6678 6130 15900 13620 7229 10710 8257 13625 8308 7939 4700 12007 8688 3147 3983 5400 4241 2513 11029 6706 13229 10521 4287 8209 6840 6941 4786 8930 3485 5483 4076 5645 7162 4054 3328 5540 6981 5353 5108 5962 11715 4973 3101 9853 10056 8248 7107 5532 5482 7247 11712 5855 6338 20113 5001 6340 7658 7140 9738 3967 3238 3947 
8528 3605 9177 9065 6144 8311 9743 4393 18288 11952 4141 5811 5015 9036 5789 3435 10555 4544 10543 2794 5263 12400 12530 3323 2335 3121 6408 6434 8948 6171 4834 11871 8985 10760 7334 7071 6749 4526 6803 4276 5516 13989 5178 6821 4424 7046 3750 4437 6695 7947 6949 7310 14485 13034 6057 6283 8944 6770 2699 3456 11357 3905 8334 4621 4611 8425 4083 6154 12163 2240 4296 5610 4444 18865 3960 3851 10282 10734 5539 7126 3506 3045 3514 9540 5248 9287 7705 14639 7877 6678 8032 3567 16709 3586 11839 6658 8060 4314 7684 4384 
4756 1376 4984 2983 3782 2643 9429 10040 4949 10871 6220 11866 6092 12628 10295 4809 6569 6619 8967 8743 7346 15464 8432 3604 11328 2385 6409 4425 5658 1638 8651 3380 5733 5796 3807 3640 4866 6096 11403 6149 3320 6406 6411 4470 10860 4775 4556 9974 4578 7499 9654 8603 14282 5079 10157 3689 9017 5611 5588 3212 3804 4098 2591 6272 4874 11865 5804 10072 4050 9349 6490 4388 3627 4616 8925 4891 6173 5936 12535 13163 12771 7739 3538 11039 4505 3109 6815 5029 7517 3646 9376 4760 4285 9545 13944 4701 8664 5374 5949 4343 
5697 2476 6880 13698 5235 4330 3420 8103 13815 3113 12498 6800 7424 6523 3345 3018 6016 5356 4337 6913 7513 8360 5627 3405 7349 6499 5725 3604 19039 6452 10450 6488 3841 8546 7036 7819 5993 11067 17558 7702 7942 7143 7641 3847 5513 9705 9649 12993 3129 11155 6830 5387 6508 2408 6805 5315 4837 6951 7984 3877 8849 7060 4496 4946 4743 7108 8093 3416 15781 9163 4551 6357 11229 4957 7396 4325 6801 4723 4721 8154 3836 17474 3396 4389 14727 7229 5040 2857 6403 8873 7923 9126 5121 10346 8383 7921 7929 5719 3557 4408 
4514 7697 9013 8406 9772 2412 10801 7307 5761 6126 8729 8772 10408 6400 6150 11343 1736 12027 10941 6812 5180 8211 5220 10477 1994 4819 4115 13226 5187 3752 5606 3448 3473 8712 6758 10003 3650 5082 7735 4083 5763 12713 7531 5398 4811 10889 4327 7516 5582 10277 14644 11814 9495 5402 3494 8628 3964 3186 3901 4847 8940 12030 5943 7756 9753 6423 7048 14742 12695 8867 8391 4559 4489 6617 7080 13101 6217 5149 4295 3158 9464 4926 4984 14043 7302 4251 15605 3823 8466 11264 7417 2713 4861 5471 8598 5934 5246 7400 3051 2435 
2453 2649 4709 5320 7181 4756 11757 2156 8749 10378 6874 6371 8544 1927 3563 6591 5579 15751 6759 8051 6149 4728 2757 7658 5006 11186 5346 6391 20055 12732 7899 5464 5869 7513 5549 8647 7193 6611 3075 10430 2837 7023 3439 5545 9075 8694 3358 4634 7708 8003 6089 6617 3286 20932 6297 2853 5104 4627 2551 8222 11435 6542 4259 5944 11275 6975 12079 6196 3965 8776 2489 2594 4189 8252 6930 12679 7967 7180 3407 10685 6711 9008 6652 9841 4288 4368 6676 3827 13950 11066 5088 3586 5356 5828 10109 6545 6294 2044 3885 7565 
6307 6855 6738 5652 5974 3368 4907 7286 9053 4169 7856 4804 9186 13049 6149 11937 7121 15187 13744 4021 5138 8628 9121 7837 2786 8976 4733 2790 5822 5635 5610 6382 4680 4222 5997 6578 5472 13953 3846 5184 5201 3928 7694 5632 6140 5106 8618 16007 11118 4842 2812 4465 1643 8526 12558 5164 5615 14249 4677 4955 7406 2449 4526 3576 4774 8074 5116 5855 15346 7791 21542 8216 3810 1767 6225 9637 5572 4382 6628 6488 4774 6883 12891 10241 2878 6763 6710 4997 3125 3843 4483 10675 10751 6619 9111 10130 6914 5644 10001 5831 
4098 8630 9329 9652 5082 11123 11854 7168 6202 13440 7309 9236 4672 7173 9258 8458 4016 14560 5493 6686 4204 5817 13567 9515 4006 9887 5764 8343 8106 6835 16980 2774 7736 13131 6278 15061 4147 8573 6347 9387 11418 6449 19385 8102 5478 13037 8868 6595 12930 7789 5945 5390 13655 4301 8736 4393 15463 7998 9985 7073 4620 8924 7692 4405 8341 9359 6813 4138 5126 11321 13562 9566 8833 6863 10699 8096 8316 4350 5654 6577 11095 5130 8182 11073 3485 6562 3392 4601 2597 1963 1498 1341 1108 1034 956 912 1028 957 956 959 
7112 3953 13514 4938 7018 3526 3732 15374 12779 3464 7080 8081 11594 7160 7288 6267 6920 6274 10444 6208 10906 16346 3409 12240 6325 3514 7477 4220 5625 15029 9246 6349 4649 4981 4906 6556 9234 4261 3417 6758 4818 4088 6708 7712 3476 7022 7517 13130 13093 11238 8789 3896 9419 11898 2633 4814 10953 3807 8163 4774 5890 13602 7159 5873 8404 8683 4080 5528 3225 6528 3414 7092 7379 3342 6196 3732 9350 3799 4876 9886 9192 6127 9622 17930 9278 5824 7946 1924 16416 8818 4536 3658 7334 5283 5158 3918 2248 6624 6581 3377 
6430 1541 3150 5714 6991 2848 9356 12058 3155 4398 5892 5020 4963 2656 5707 7240 5378 4950 6533 9746 8227 7521 8858 6709 5334 4787 4414 7218 6311 3545 9520 2032 4484 3903 4826 15120 6648 4696 3269 7360 4264 6534 9925 5071 8668 3318 14649 8057 12534 7220 10497 7669 4033 10572 6550 8971 4948 6712 7171 4232 3631 7112 7188 6812 3444 3768 3985 3265 6542 4159 4263 5854 7695 3896 8406 9073 24225 3664 3700 6152 4255 3654 7583 3909 5027 9557 6921 5649 8553 10805 9425 9231 5942 5657 6777 5457 9208 5786 8916 8592 
3618 2083 6766 8555 7719 5963 15390 9658 4253 11137 6646 13949 11767 5339 4289 9239 17056 10814 8730 4479 5498 8373 6941 3381 3606 9604 7981 7812 5936 2788 10688 8484 5792 3050 11876 5713 3945 12395 11741 6521 10906 5833 8083 4968 10127 3185 8273 11625 7959 6049 2746 8035 5562 10156 3447 8072 7717 9308 7209 8465 4951 7020 8534 7073 5324 4386 3233 13848 4761 5032 5285 16752 5360 5093 5072 4855 5784 7997 11440 10559 7282 4696 5447 5694 3250 9523 7611 3639 7851 11054 3035 10981 11153 5331 4165 6866 7906 3700 2792 2005 
7386 5488 9290 7431 2675 6392 11708 8367 9781 10118 10851 3685 6762 11756 9741 7431 7260 5081 4805 10447 4187 13874 14764 11787 6328 14674 5370 7068 6202 7277 14444 8079 7202 4829 7484 10380 2829 6380 10593 6419 11027 5404 2923 5081 9897 6956 8067 7867 8105 5184 6323 13422 11361 5645 3956 5571 6392 8696 10363 4389 5679 5471 3982 12131 8523 11464 9386 5900 2975 9515 5529 10327 7930 5898 4241 11260 7084 4567 6475 11353 8117 3654 9068 7134 5981 7149 13116 7403 5112 4106 9108 4711 3997 3567 3385 3399 1976 1242 1136 1205 
7549 7070 3615 3683 9357 4449 7315 5262 5392 3407 4629 12626 9298 1947 3097 2392 6684 5582 7075 6390 7359 2196 3995 3971 4392 7714 3944 9394 3230 4425 7672 14190 10345 17297 16917 4037 7727 11070 2672 6397 7968 8691 2503 14530 7972 8494 12484 7548 5788 6411 15409 7181 7221 6155 11242 6971 5734 4597 12455 4661 4896 16965 10544 5909 7410 8722 2802 8345 4375 5494 5169 4961 6070 23337 13983 6465 3391 4156 9348 10405 10464 5633 11382 6464 4060 3453 9885 8215 5737 3420 7769 10997 3134 7641 5161 3800 3812 3153 8870 4935 
7083 6389 4886 7607 6907 11948 7990 3532 5648 6911 4521 9790 4243 6783 4715 8630 14358 11291 4810 5921 5125 5001 5117 9184 6650 4867 7054 5536 7438 8006 3729 2887 7900 6110 4933 8264 14365 7276 5072 7473 13966 14458 4832 8241 7221 3402 3698 9537 6169 4347 11029 12306 3240 6823 4223 4815 11609 13071 4207 6163 6053 6155 4617 7118 8032 6801 14625 8527 9706 9030 6098 7322 8159 2761 7736 5103 11884 8557 4927 12209 11660 20044 8009 14731 4795 14862 3241 8761 6916 5849 3782 4729 5723 2816 6136 6731 2783 2888 2503 2816 
8024 5892 7025 7123 10801 5449 6641 6179 9642 8685 6135 8887 3551 6804 4506 5724 3491 7412 3306 7285 12640 14552 5118 3152 9689 21762 18543 4422 6992 4445 5289 10249 11735 6726 16718 4238 3965 7424 5543 6772 13978 3958 4480 9597 8912 9015 5714 6482 3586 4951 7169 7410 11840 6318 6487 8461 7055 7133 5524 4632 8534 18567 2627 3729 2882 6138 12299 10543 6147 6587 10298 4369 6894 4413 16322 2563 4840 4268 13298 4597 7032 3819 3888 5389 4564 3766 7013 7885 3510 5268 8421 4699 3457 6453 6567 3849 2260 3826 4222 4785 
5772 4679 6806 6873 6864 6748 10446 7314 2911 8117 7242 6126 9135 7266 6087 9487 6452 12009 4262 5048 4540 4742 7369 5884 8589 5252 5497 4986 3609 8066 15884 9591 3862 7027 4482 3395 3475 4216 7377 6325 4571 9699 4599 6876 4838 3396 6480 11195 7500 6679 12444 8554 4960 3720 9427 6508 5373 3350 7632 7140 7973 6990 13150 5311 12017 6050 7379 3951 6808 4061 4171 6903 8550 10044 4910 5110 10353 9164 4193 8446 6263 3430 3117 8417 7848 3021 2429 10075 4103 11310 5603 12175 5837 11953 8456 13624 14104 8065 2708 8604 
4109 1919 6875 6580 4483 6079 5053 4028 5514 11425 7390 11050 8375 14603 7969 4555 7198 8817 3369 16019 6551 6123 7437 5693 9897 9621 10003 11806 10125 9563 10020 5626 2818 9891 7412 3386 5504 6585 11375 11075 5725 10336 7050 4008 4755 7542 5904 3963 3382 4648 6138 7397 4190 6282 5462 8486 9718 6565 3829 3902 4723 7257 5727 3812 10061 9763 8278 5965 9636 11309 4587 12620 6848 13616 8997 7126 10372 8814 8002 5191 4653 9214 5425 3928 9677 6783 6266 7716 12956 7322 11313 3606 7062 9383 6059 7145 5449 3791 4256 2422 
3849 1368 4760 9110 10438 14578 6447 4249 12819 6963 8067 14707 8818 6425 9211 10191 7782 4165 8951 8781 6186 6428 3141 4316 2302 6440 2762 7579 2585 4593 5567 4507 15408 9697 5019 7932 7933 4285 7685 5504 7534 5544 3886 13379 12004 8284 5109 11443 15619 13805 19747 9350 6167 6607 16667 6559 5799 6577 4853 5478 6194 7760 3024 3008 5450 2843 7307 6213 13549 3811 10925 8018 9460 6939 7792 8624 5930 8177 10525 9179 2464 6000 14739 5684 5804 4105 4121 8334 11451 7313 6566 8023 3748 4155 2338 2363 5771 3528 2636 2688 
