968 605 2474 2014 4034 1224 1397 1258 2269 1745 2405 2478 2054 2832 1567 2489 3042 2513 2065 1784 1708 1545 2816 1377 929 2887 960 1331 1960 2418 1276 1741 1720 1617 2548 2252 1700 3689 2804 828 1588 1581 2167 1542 3091 1625 2029 2056 2521 1408 3581 1597 2190 1639 2911 2335 2165 1213 1162 1369 2166 2267 963 2957 1716 1415 1568 1129 1587 1332 1616 1783 1772 1538 1345 1298 2940 2911 2166 1040 1897 1352 3176 1327 1314 2446 1999 1908 1666 2046 2178 2647 2798 1762 1310 1950 2112 965 517 470 
851 580 2659 3881 3341 1637 1633 873 793 2081 1205 2533 1230 2010 1546 1495 1070 1761 1745 1674 2408 1895 1464 2926 919 2485 1530 1426 4331 1610 2247 3136 1808 2905 2093 1061 1184 1017 1704 1466 971 1753 1468 2385 1441 2744 1343 1385 2755 2024 1325 2179 1553 1632 1953 1663 1198 2335 2726 3222 1396 1809 2042 1147 2449 1637 1635 1085 1549 2124 1675 1524 1899 961 1680 876 1405 1006 1762 2092 2401 2212 1779 2282 1808 1572 1364 1795 2414 2790 1902 1699 1124 2246 3406 1427 1342 1851 1410 2165 
919 570 1066 3186 4525 2571 3602 2133 1367 1871 2267 1758 1191 1694 2005 1784 2825 2015 954 1119 2753 1731 2364 2324 1494 1144 1755 2939 1174 1593 1615 2014 1903 1412 1538 2500 2593 2193 1772 2247 2230 1860 952 1906 956 1764 2236 1334 1926 1928 1509 2507 1107 1087 1208 1317 2208 981 1401 2816 2486 1645 1098 745 1700 1018 2275 2258 1835 1560 1451 3436 2803 2536 5880 2292 1134 1434 944 2369 2564 1147 1237 1866 2743 1748 1793 2325 1688 2714 1999 2847 1054 1619 2596 1481 1659 1415 906 1139 
2117 3556 4221 2026 1004 1766 1642 1203 796 1148 1436 1889 1743 1675 2119 2345 919 1483 1213 1612 1248 1887 1965 1726 3721 1566 1710 2101 929 1232 2128 1667 2423 1535 2254 2456 1713 1598 1889 2448 1086 2922 2041 1996 1984 1188 3436 1679 1846 845 1664 2041 1392 1639 1823 1487 2736 1988 2083 1301 2294 2025 1881 1089 1586 1663 2154 1686 3084 2897 1731 2104 1456 1009 1253 2165 1644 2264 651 2273 1888 3118 1724 1519 2430 1120 1416 1723 1319 3253 993 2893 1033 2231 1251 1359 1535 2171 2335 2412 
2173 2832 3902 1878 1442 1465 2846 1394 921 1615 2073 3067 1110 2115 1894 2832 1847 1102 1392 2298 2114 3101 1901 1735 1027 1172 2404 1802 1811 2505 2250 1198 1974 2142 1702 1741 1282 1958 1144 1664 1438 2710 2130 2437 1381 1795 2316 1518 1538 1179 2266 827 1394 1102 1815 3006 2606 2714 1355 1701 1259 1307 1875 2361 1388 2102 1442 2593 2045 1326 2350 1157 3201 2102 1221 1680 1635 4572 1380 1846 2130 1560 1219 2446 2024 1712 1008 1589 2328 3584 1466 741 2705 1152 1479 1101 1430 1609 1392 1107 
3053 4081 2616 3073 2285 1829 1743 2035 1551 1114 878 1605 2075 961 2183 2420 866 1240 1725 1584 3326 2231 1391 1597 2084 2153 1605 2108 1583 932 2315 1711 1751 1703 1017 1315 1480 2395 1747 2109 1200 3015 1483 1896 1967 2358 1044 1568 1998 2528 1921 1998 1693 1573 1697 1904 1263 1961 2260 2317 2135 1981 1483 2018 1172 1957 1751 1841 2422 2001 1782 2096 1773 3129 2661 1506 1599 743 755 3792 1426 1571 1434 1668 1028 1841 862 1965 2243 1545 1429 1749 1302 1294 2414 1046 1398 1802 2449 1872 
784 788 1561 2282 5042 1446 1249 1011 1110 1158 3467 2787 1234 2812 2986 2283 1893 2868 4030 1538 1067 2349 1426 1511 2218 1388 2449 3789 2086 1844 1453 1812 1603 1601 1877 2747 3609 1973 2006 1885 917 2044 1254 2894 1403 1598 1587 3702 1700 1135 909 1720 1676 1936 2183 1882 1639 2661 2249 1980 1391 1292 2226 2192 2397 1349 1247 1541 1075 1598 3292 1140 1556 1689 1615 2254 1430 3147 2777 3140 1962 1120 2093 1586 774 2277 2266 1192 2103 1064 1172 922 3442 2232 3046 1524 604 661 550 483 
689 878 2034 2763 3717 1628 1337 1784 2118 2188 3381 1414 2354 1908 1360 1902 2234 1988 2147 2342 1596 2037 1105 2214 1062 1374 2179 1076 1294 2801 1559 2507 1294 745 2168 1409 1839 1999 1695 1702 1931 1243 3005 1670 1627 2255 1700 1448 1584 2680 1566 2323 1741 1381 817 2529 2967 1758 2157 2336 2776 1575 1303 1651 1592 2464 2790 1387 1720 1898 2163 2170 1306 1631 1037 1900 855 1656 1292 2215 2486 1410 1818 1114 1715 1709 2121 2019 1546 1379 1432 3121 1322 684 1375 1526 1096 1607 2383 1891 
655 2046 2123 3533 2102 2394 2134 1738 1543 1318 3269 2790 1502 1320 1148 1550 1874 1351 1274 889 3903 2787 2185 1532 3366 3184 1912 904 2178 1598 1780 3072 1724 1658 1621 2075 2990 1576 1844 2621 2939 1536 1782 1605 1289 2530 1540 1219 2084 1743 2011 2212 1676 1258 1614 1493 1166 1681 1370 2420 851 2162 1409 1938 1163 2121 1927 2550 2396 1292 1319 2647 1267 1061 1208 3176 1021 1686 2155 1477 1971 2096 1098 1521 3196 919 1641 1496 3662 2073 2517 2571 782 1767 826 1165 2150 1943 1339 1125 
2410 3787 2432 1517 1540 1657 2171 995 1860 773 2216 1074 1148 1616 4013 2882 1581 1664 2988 1849 813 1689 1586 2537 2382 2236 1437 1678 1365 1553 2381 2016 1882 1478 2432 2033 1039 1425 696 1715 1281 1190 1579 2031 2249 1982 1879 1610 2306 2344 852 2339 2397 2896 1615 1609 1981 1421 2380 1795 1892 1940 1064 1683 1603 1941 1252 1432 1314 1559 1211 1425 1906 2640 3323 2330 1007 2136 1850 1955 3563 1496 1561 2251 2436 1548 2505 2243 971 3792 1507 1993 1116 1581 1772 1271 1650 1799 1269 1675 
1157 1956 4379 2197 1102 1150 1101 1434 2032 1259 1113 2878 2012 1696 1428 1379 1250 1390 1465 1356 2426 1121 1465 2187 2589 1301 3036 3330 1079 1551 1528 2209 2022 1876 2566 1862 2573 1933 3888 1673 2369 1864 2020 1356 1428 1027 2646 2269 1478 1464 899 1019 1688 1716 1610 1473 1378 1125 964 2335 2550 2760 2418 1583 2691 3042 2800 995 2352 2230 3999 1483 2619 2684 1194 3036 1586 2103 2151 2115 3039 1519 2483 1287 1440 1274 910 2197 3225 1478 2184 960 1361 2214 1557 1164 1274 1589 742 717 
908 1852 2936 3058 2276 1937 1385 2344 1756 2875 3057 1432 1706 2481 1614 1226 2752 1626 1294 3372 1880 2879 1886 2053 2535 1321 1659 1977 2111 1491 1870 1502 1518 1563 1340 1920 2030 3889 1025 1917 1799 1378 1868 2346 1869 2508 2073 1907 1014 1949 1409 2542 2495 1021 1509 2405 1380 1287 1112 3146 2010 1481 3120 1673 1811 1353 1749 941 873 1775 1083 2733 1913 1997 3157 1337 2298 1269 1684 2443 913 2411 986 1828 1718 1808 1891 2990 1728 2042 2938 1732 1419 2247 1116 1503 1871 1542 1019 763 
676 1688 2111 3738 2570 1351 3103 1427 907 1452 1448 1911 1214 3144 2253 2350 1244 2292 3993 2560 2613 1436 2044 2113 2257 1393 1829 2784 1027 1757 1835 1234 1968 2515 1635 1593 2329 636 2594 1544 1089 1981 2307 3069 1950 1266 1911 1964 1691 1628 3344 2641 2820 1244 1712 1249 1914 1534 3478 2735 972 2554 4056 1734 2079 833 3332 1088 3071 1438 2725 1546 2061 2649 2030 2940 1384 1104 1192 2038 1433 1796 2129 974 3090 1573 3226 1884 2615 1607 2401 1812 840 709 893 622 598 439 364 317 
2065 6471 1017 1588 944 1831 1892 1495 1116 1096 2517 1221 1719 1615 1325 1452 2290 1372 1921 1258 2306 1207 1496 1943 2169 1819 812 1385 1545 1715 1558 1621 1870 2075 1929 1389 1565 1291 2934 1823 2834 1885 1558 2613 2504 1901 2116 1880 1823 1323 2689 1066 1207 1905 2012 1119 1293 1554 2141 2517 2468 2126 1560 2148 1848 2364 1575 1488 1469 1006 3349 1620 2381 2477 2786 1509 1550 1183 1338 1921 1381 1644 1582 1074 2210 2354 1612 2548 1915 1862 977 1412 1240 1077 1148 1262 1179 2997 1329 1247 
699 1479 1544 2157 3738 2111 1145 2082 2359 1895 2041 1686 1400 1752 2441 2454 1708 2953 1443 1017 1563 1968 1373 1088 1876 1092 1135 2218 1270 2232 3018 2030 1784 2672 1579 2374 1793 1304 1713 1223 1579 2323 1796 1414 1751 1022 1218 2077 2981 1463 1505 1892 3417 2639 1303 1341 2639 2083 1395 1353 1541 1883 2674 2325 2312 2888 2471 1101 877 3212 1433 1577 1596 4006 2321 1501 2774 2127 1553 2068 1488 2631 1448 1108 2234 1659 2307 1374 1309 2818 2660 2234 2028 2073 1509 2224 1390 745 897 849 
667 1981 4321 4124 1446 1301 2447 948 1865 3722 1417 1738 1346 1877 1901 1618 1869 2668 1207 1128 724 1310 1211 2532 1727 1486 1703 1771 1242 1356 2933 1737 1375 1009 1420 1415 2361 1430 1763 2984 2617 1855 1287 1481 2505 861 1058 1689 1577 2247 1877 2565 3276 1745 1407 2136 1480 2531 1247 1056 1209 953 1508 2097 1325 3364 1798 1856 4608 1405 2784 1329 2732 1574 1037 1724 2568 1373 1465 2374 1657 2140 2136 1969 1516 1476 2303 1326 2060 1381 1131 1332 2872 1733 2591 2907 2158 1601 1609 879 
849 2386 4554 2884 1745 4055 2499 3003 1773 938 2616 2795 1850 1474 1122 981 2550 978 3331 1345 1947 2246 2759 1316 3499 1607 1621 2022 1635 1232 1025 1196 1797 1821 1533 1735 1194 666 1211 1657 1830 1818 1556 1393 1470 956 3247 1877 1574 1513 881 1380 1444 892 3276 1257 2070 2171 2919 2463 1779 2502 2208 2147 1427 1478 1218 1493 2010 1463 2471 1706 1205 1480 1000 916 1682 2762 1533 1473 2000 2412 1396 910 2153 1664 1960 2031 2455 2292 1204 1999 1715 1544 1768 2464 1563 2293 1324 1828 
1144 3298 4057 1510 2393 2932 1231 2859 1160 2269 1713 1346 1640 2658 1701 2472 1337 3423 1514 1844 1728 1927 990 1600 1578 1839 1910 2509 1474 2977 2358 2080 1638 2156 1206 1796 1069 1020 1717 2134 1655 1607 2313 2842 2458 1883 871 1699 2030 1513 1563 3118 1639 2206 1462 2699 1259 1295 1663 2060 1464 1067 1026 2133 1119 1968 1620 1863 932 2430 1370 3820 2572 1201 1737 2116 1063 1905 1604 1301 1435 2182 2634 2670 1774 1657 2026 2943 1697 1517 1784 2622 1677 1846 2363 1419 1853 1475 1073 879 
2606 3529 3464 1374 1893 2113 1241 2020 1457 2757 3145 2718 830 1336 2376 1218 2206 1018 1379 827 1521 1454 1317 1274 2397 1271 2301 969 2594 1312 2780 999 1671 1634 1636 2178 1276 2874 3124 2077 2664 859 1899 1716 1904 1422 1556 1731 1533 3187 1883 1121 2526 2146 1680 2153 1542 2360 1453 1621 2497 1559 2366 2279 2834 786 1905 1769 1594 1427 2509 2101 1346 1087 1755 1287 1354 1762 2842 1246 1747 912 1312 2067 1642 2094 2464 1273 1679 1520 2119 1157 2239 1262 1817 1665 1524 1902 1527 1881 
4561 4792 2109 1066 1379 1689 1903 1339 1252 1629 3059 2087 1735 2106 2074 1541 863 1274 2067 2974 1628 1091 1844 1293 1356 2265 3785 2553 1573 3108 1550 2184 3065 896 1206 997 2842 2950 1717 987 3197 2600 1426 924 2282 2075 1919 982 2029 3130 1364 2171 1991 1577 1973 1682 1847 1766 1583 1081 1450 2097 1452 1359 760 2983 1606 2722 2036 2676 1879 1245 1897 1958 2958 1634 1938 3096 1962 1114 2460 1762 1012 1809 1105 2116 2453 1635 1752 1954 2634 1265 1396 1892 1090 1341 1456 925 491 505 
2388 3310 4077 2762 1041 2153 1538 1692 970 1141 1690 1796 1581 1346 3311 1266 1830 1555 2178 1339 1435 799 2537 1304 1391 2229 1772 1673 1335 1376 2219 1608 2259 1760 1512 2396 1306 2529 814 3042 1324 1351 1018 2066 1687 2083 1581 1842 2040 1735 2404 2679 1574 1249 4101 1424 2067 2014 1613 1963 2289 1157 2258 1313 931 2368 1748 2252 1116 1490 1239 1978 1768 1309 989 2476 993 2236 1063 2685 1754 903 1815 947 1251 1505 1093 1308 1418 2113 1488 2028 1372 1070 1473 1794 3009 1319 2077 1421 
2128 1468 5321 1122 1503 4800 1933 1254 1339 2490 1682 1634 1023 985 1874 1972 2403 1524 2763 1186 1606 2230 2975 1157 936 1624 1964 2035 2078 1796 1155 1369 1358 1545 1266 1806 2862 1468 1706 2417 2197 1560 2022 613 1287 2180 1819 1048 1351 1483 1918 1348 1383 957 2511 2709 1525 1164 1908 2518 1168 1234 3469 1702 1714 1936 1094 1302 2034 1364 1063 2653 2532 1885 2460 923 3262 1837 2965 1658 1355 2213 1700 1187 1831 2348 1287 2092 1704 1761 3508 3634 1176 1560 1512 1898 1166 2647 1826 1329 
1892 1716 3692 2893 1863 1032 1590 1443 1301 2588 1484 1700 1175 1160 1312 1690 2223 1739 961 4029 1495 1824 2651 1200 2148 2105 1529 1417 1448 2231 2645 1742 2231 1631 2354 1927 3392 2383 1747 1382 1425 1260 3225 1873 1590 1899 1528 2078 1790 871 3125 2599 1773 1420 2156 2790 1676 1782 1879 787 1195 788 2608 1476 2219 2832 1970 1011 949 629 1900 2238 2586 1707 1169 1283 2917 1280 2008 2137 2047 1545 1912 2466 1022 2279 1416 1438 1925 1830 1481 2623 3231 3242 2075 1847 1099 1415 1187 1373 
1671 4028 3629 1435 2595 1302 1618 2974 2101 1042 1987 2582 2277 2359 1059 1540 1993 1072 1514 3456 2242 1574 3005 1177 1319 1347 1252 2573 2240 1319 3002 1354 1110 1663 1064 1519 2803 4034 1237 1357 2566 2663 1883 1461 1787 874 2099 1161 1025 1945 1403 1935 1600 2394 1093 2277 1430 2162 3144 2052 2185 1117 1550 1870 2283 1938 1738 1640 1854 2022 1401 1702 2035 1641 2056 2202 1205 1421 1906 1014 1601 1846 1389 1765 2331 1814 2588 2350 2053 1301 2310 1732 3423 2117 856 2343 1050 1482 967 997 
3204 3756 3158 2485 2790 1403 2049 1629 2602 1061 1368 1331 2095 1747 1686 2132 1425 1319 1818 1269 2289 1822 1418 2003 1238 1200 1308 1151 1087 1367 1626 1990 1880 1109 1848 2665 1172 1121 1071 1095 1379 3507 2635 1186 2721 1940 1307 1034 1429 1109 1749 2650 2180 1488 3225 1506 2660 2459 2819 1518 1737 2272 1263 1734 2280 1550 2588 1686 1567 1251 1616 1277 2135 2181 1264 3723 1100 1726 1853 2113 1285 1726 2391 2689 2308 1324 2003 2533 2959 1251 2187 2511 1009 1334 1759 1598 2829 1557 1011 1286 
1406 2896 2614 2869 2827 893 1635 1367 4475 1961 1320 1171 1225 1498 1193 1505 2471 1461 1667 874 1135 1663 1370 1696 1326 1455 1306 1344 1840 1727 2480 1609 1902 1726 2083 2162 1264 1461 1502 1990 2622 1764 3006 1424 1194 1128 2097 1257 1977 1027 985 1214 1403 1080 1197 1773 1815 2145 1582 1597 1228 2527 1973 1935 2924 1759 2491 1987 1635 2296 1569 1625 1495 2052 2142 1931 984 2351 2994 1970 1511 2536 1646 1610 1113 2799 3323 2471 2403 1430 1510 1399 1762 2052 4129 2345 1584 1248 2576 1336 
1981 5169 2821 664 2162 1258 2977 947 2624 1504 2997 1813 1774 1824 1322 1311 1563 1802 1854 3778 1784 1994 1623 2103 1623 1950 908 2398 941 1964 1581 1605 1413 2814 1144 2188 1870 1866 2160 2824 2374 2454 1762 1807 2070 2553 1604 1063 1327 1787 1026 2983 1950 1074 989 1786 1417 1194 2298 1660 2492 1527 934 1401 1506 2018 1311 1651 3604 1243 1538 853 1134 1268 1315 2283 1073 2957 1661 1802 1479 1740 2725 2241 2238 1774 2155 3074 1462 1318 1925 1364 1510 979 1682 2015 2052 1513 1518 1931 
2516 3951 3376 1719 1810 1623 2280 1813 737 1316 3063 1307 1738 1385 1898 1136 2138 1223 2269 1492 1375 1038 1515 1700 2082 2291 1205 3008 2864 1965 2813 1399 1997 2158 2066 1239 2223 1469 1558 2061 2213 1650 2370 2187 2743 2006 1889 3822 1592 2620 1609 1759 1302 1553 2563 1372 1535 1850 1133 1358 3446 1494 1197 1639 1595 2078 2816 1530 1537 1069 1297 999 3963 1403 2257 1506 2199 2246 1268 2105 2234 2910 1722 1706 2083 2119 883 1662 1492 1314 1439 1437 1419 2488 1144 2293 1625 1496 748 949 
2226 3858 3384 1544 1503 2164 2154 1826 2453 1387 1677 3241 2448 2205 2030 3037 2353 1321 1607 1735 3557 2052 1988 3066 3000 2568 1334 1428 1499 1329 1458 1259 2681 1396 688 1689 2256 934 2531 920 1875 1536 1156 2517 1421 1828 2271 1709 1419 1585 730 1596 2055 1808 1882 1470 2018 2202 1213 2250 2454 1860 1617 1618 3564 1459 2736 2086 2099 2553 1356 2149 1990 2456 2000 1673 2389 2962 1392 1650 1750 2469 1306 1490 2050 2944 1541 2254 2605 2791 2607 1179 1495 1273 787 791 534 451 419 369 
4973 4226 2195 1433 1771 1453 1505 1849 1766 3301 1180 2194 1712 2228 1493 2185 1923 4167 1085 1981 1967 2660 1633 1223 2140 1612 1903 1026 2019 2100 1285 2857 2090 1656 839 1838 1531 1821 2225 2600 1649 3498 1801 1405 973 2378 871 1223 1510 2158 1831 1557 1862 2000 1805 1488 1524 1046 1286 1698 1272 2381 2135 2443 611 2265 1447 1762 3332 1246 2230 1982 667 821 1204 2160 1722 1583 1411 1445 2123 1473 1745 2114 2564 2555 2023 1607 2072 3087 1685 2244 1689 2370 2217 1743 1690 1227 1046 930 
2231 1803 2172 2728 1174 2244 1905 2073 1880 2444 1961 1180 1090 2292 1750 1170 2122 1282 1985 2142 2995 2687 1681 1209 1575 2440 2693 1796 2708 874 1956 1420 2279 1599 2611 1693 1803 914 633 2496 2264 1427 1299 1320 1203 1656 1560 1671 2164 1987 1524 3633 1487 1162 1588 1697 2368 1644 1391 1838 1577 2048 3163 2540 2873 1425 1576 3103 3281 1015 1365 1384 1774 1756 1664 1498 2866 2304 1752 1314 1672 1643 1987 2019 2221 1769 1755 928 1121 2095 1619 2075 996 3371 1112 2424 1520 1689 1069 1238 
2333 5582 990 2263 1765 1887 2334 2416 2160 2133 1329 2314 2975 2012 1023 2003 2695 1864 1311 2186 1824 1045 1571 1843 2501 1070 1135 2128 1814 2541 3049 2238 1630 1895 1637 2090 1528 1272 1254 1509 1341 1467 1602 1500 917 2696 1908 1152 1624 1843 1693 1006 2078 3373 2575 1790 1647 2682 1599 3534 2606 1619 997 1243 4218 1296 2819 2306 1095 2131 1831 2724 2492 3935 1267 1734 2960 3598 1399 2704 2100 1689 980 1187 1204 1370 1330 1346 1701 1392 2389 938 1722 2003 1247 868 799 617 551 419 
2141 1744 6547 1146 2092 1150 1304 2133 1431 1778 1657 3131 2266 2455 1062 1691 2030 2604 1315 1983 1433 1316 1620 1067 3958 1441 1732 2200 2052 1123 1360 1805 1809 2088 3129 2493 1404 1672 1370 3037 1815 1296 2352 1258 2281 1577 1667 1296 1920 1697 2441 1673 1559 1692 1606 1267 1080 2010 1386 1061 1565 2330 2689 1753 1175 1324 3932 1308 1384 1601 1697 2046 2229 1094 1114 1715 1788 2067 1797 1952 1976 2649 961 1406 2495 1104 2699 2761 1391 1248 2366 1503 1189 3165 2305 1571 1059 1586 1916 1528 
2812 3338 4638 799 3600 1160 2624 1543 2561 1807 3352 910 1492 2231 2278 1124 3454 1246 1999 2460 1587 1074 1588 978 1099 1913 1898 2974 1981 2493 2534 3025 1816 1471 1405 1491 1795 2859 2214 2195 1576 1266 2153 1826 2116 1426 3013 1306 1036 1397 2079 1084 2591 1582 2289 1315 2599 2080 3308 1459 890 1836 3626 1660 1374 1250 2298 1180 1659 2777 2614 2764 1923 1407 2189 2433 3340 1610 2418 2362 1944 1367 2271 3027 3495 1963 1434 1435 2039 943 1227 1068 1149 913 658 468 409 364 321 343 
4029 5523 1360 2962 2120 1738 1384 1319 1478 1367 977 1759 1557 848 3451 2239 1820 931 4190 2405 1855 1798 2360 3181 1595 1535 1700 1382 1626 1445 2424 1259 1027 1003 1068 1046 1665 2206 1124 1743 1031 2735 1926 2635 969 1931 2499 2838 1197 2241 3115 1720 2609 989 2228 1694 2160 1938 3576 1135 2878 1419 1323 2857 1378 913 3425 2031 2364 1390 1612 2400 1546 1951 2719 2053 1479 1926 2206 2111 2383 1776 1839 1081 2544 1104 1956 1559 2601 1490 2431 1632 1652 1017 1548 1763 1145 478 474 414 
2069 4896 2750 2250 921 2006 1975 2512 1904 1534 1325 988 1312 2178 1646 2358 2555 2578 1910 2204 2874 1835 1312 2338 2133 1379 2443 2474 2048 963 2045 1394 1245 1685 1554 2627 2489 1089 3151 1115 1267 1191 1366 1412 1148 2730 1775 1055 2352 1112 2891 1403 1335 2973 1287 1376 1163 1753 2580 2113 3739 908 3046 1482 947 3089 897 1708 1523 2648 1830 4089 3365 1904 637 2061 2554 1567 1514 1615 2246 1004 2158 1888 3331 1412 1534 1701 1660 1877 1468 1810 2152 1758 1687 1012 1160 1430 793 521 
2438 6769 1203 3064 2878 1791 2321 925 1761 1237 2109 1240 1975 1969 1953 1751 1773 1123 858 768 1759 2241 1245 3212 2892 1341 2286 2756 2285 2246 1375 1374 1815 1707 1504 1434 1039 823 1846 1423 1858 1476 1769 2861 1857 1490 2682 1719 3264 1733 894 889 1619 1634 1771 1760 1730 2364 1362 2067 1417 1410 1504 1711 2174 1661 764 1044 2101 1864 1930 2217 5121 1639 2172 1962 915 1606 1301 2462 2265 2911 1518 1718 1422 1657 1940 2121 1901 1393 768 971 2274 2779 938 1985 1353 1628 702 1572 
2430 5147 3186 1275 1842 1644 1738 2556 1479 3062 2677 1948 1098 2462 929 1198 1762 944 1423 989 1992 1894 1309 2488 1973 1473 1702 1551 1319 3614 1790 1006 1552 2355 1386 1493 1995 607 1590 1444 1404 851 698 1485 1444 2121 1917 2311 1259 1854 2000 1425 2664 2241 2362 1058 1983 3006 1604 1753 2123 1778 1209 1091 1988 1967 2142 2872 1093 2279 2309 1541 2376 2430 1136 1002 1531 948 1497 1819 964 2554 1412 1302 1620 1833 2946 2705 1885 1496 2607 2119 2013 1215 1734 2132 1613 1935 1731 1308 
1947 3204 5243 3987 2397 1122 1328 1711 3001 2595 1683 2272 3635 1722 1576 1408 2260 2846 941 2872 1965 1892 1688 1501 1869 1764 1520 2117 1275 2493 2093 3341 1287 2281 2149 1505 2220 1939 1790 1255 1452 1651 1196 1855 1525 2032 1928 1780 1360 1446 1987 1774 1966 1899 1598 1583 2286 1516 1514 1780 3986 2754 1706 2630 1480 4035 2505 2457 1473 2077 2004 1252 1221 1612 2542 1569 1620 1817 1226 1669 1735 1773 1591 1777 2191 2093 1363 2141 2583 1780 1109 1348 1596 1200 805 820 527 443 372 323 
2235 5037 1407 1185 2305 829 2747 1928 2352 2107 3034 1503 1121 1835 1325 1247 1424 2136 3749 1833 945 1851 2059 1790 1727 2761 1674 3115 3148 1618 3728 1957 1666 1575 1307 1962 1234 2350 1479 1261 3518 1626 1762 1321 1863 1479 1353 1892 2411 3152 1503 1050 1284 1481 1697 3644 1363 2064 1075 2664 1870 1398 2769 3009 1023 2096 1867 2523 1481 2651 2004 1167 1862 3411 1560 2031 1269 2216 2188 2077 2321 1961 1330 2149 1264 2353 1904 2016 1149 1519 2437 1324 1364 1648 1120 1332 757 497 513 378 
