880 1038 2600 928 836 693 1145 728 843 704 911 743 648 1068 807 719 1143 682 1113 853 1145 723 1003 708 727 696 855 932 868 805 915 933 777 754 878 996 721 895 1133 964 894 1021 693 684 1097 688 1031 926 1073 745 1748 862 859 686 924 1116 835 968 872 773 938 663 821 770 922 673 813 888 1403 945 710 700 1086 806 1172 701 1128 877 826 800 1111 907 769 716 819 791 840 1098 1012 795 1011 934 964 747 889 712 636 813 873 565 
2354 924 944 657 1178 831 977 826 610 850 1025 906 979 722 1020 819 936 1032 810 843 799 957 982 755 871 737 809 818 921 803 949 770 1069 640 878 942 1136 913 684 1212 802 781 783 1182 875 746 1074 708 704 1168 928 1002 712 823 694 1057 811 836 1272 746 955 824 855 782 998 668 888 871 885 1188 997 687 683 1154 675 765 964 799 625 887 961 789 952 632 696 841 1432 909 935 1356 963 784 722 968 778 984 778 689 642 700 
905 1244 2313 907 1007 770 690 784 700 584 1175 617 982 849 729 872 816 1043 874 773 1249 686 879 1159 1135 1409 1143 832 765 637 988 1147 966 678 1150 1109 962 642 1021 669 685 873 916 796 1222 822 829 937 804 1326 856 936 919 985 1124 661 601 1190 701 835 613 770 872 710 901 774 794 837 934 845 966 1177 627 1391 1212 1072 1267 1044 684 824 1038 774 965 1105 696 750 974 1058 1087 924 1148 1103 694 1110 849 992 716 780 580 433 
2896 983 786 922 676 827 1460 1018 898 963 807 669 892 790 1257 894 1063 1085 810 844 906 694 1044 839 689 811 1126 734 735 855 784 613 948 871 1059 688 725 581 1023 497 780 1229 825 1127 1114 1196 996 717 913 949 1277 886 750 723 942 838 975 875 947 716 1004 990 709 844 871 809 837 1082 986 594 706 755 958 853 1129 769 850 894 872 733 799 959 996 730 1141 650 711 1005 791 917 952 815 1010 1146 642 980 820 721 663 573 
947 1870 1856 1047 627 889 736 756 706 924 896 829 770 1080 1153 776 1125 835 979 832 683 1291 838 831 814 625 741 946 772 869 753 755 830 973 754 688 910 701 784 671 914 812 635 1277 790 795 996 821 822 645 727 866 845 978 935 1057 1031 979 1429 708 653 715 1042 715 865 1206 920 902 1009 876 779 702 754 831 942 755 905 643 1187 670 978 1077 1041 1122 876 584 1016 809 1131 627 1046 817 932 939 815 787 859 918 1059 636 
1083 1675 1563 933 787 893 905 816 926 676 754 706 896 1091 813 964 1146 1161 733 755 845 789 751 776 960 750 569 1047 1275 665 733 898 707 924 887 764 908 810 690 964 768 842 663 781 964 696 763 705 949 662 1164 902 753 828 965 794 912 898 775 1018 613 822 927 1008 872 933 826 845 1004 885 1277 1132 704 874 781 1115 786 975 832 916 861 854 851 1295 793 1209 1270 694 605 751 703 1048 743 1033 699 881 1097 768 729 699 
2675 1138 874 1121 946 1279 656 734 1399 960 1144 1068 707 686 674 1043 878 812 909 747 551 802 694 680 630 757 1149 836 601 947 746 752 921 734 641 928 1140 1174 980 936 886 947 910 809 820 615 776 740 1143 975 806 963 712 807 818 520 936 979 831 674 892 865 843 852 1015 938 832 919 923 863 722 905 824 873 1093 861 834 910 847 637 756 1070 984 653 939 929 1273 730 785 813 863 865 839 858 1271 1426 805 978 533 771 
1161 1620 1783 945 642 868 835 985 726 838 826 1395 882 758 818 788 801 1014 779 694 694 1127 643 678 1220 816 1058 561 856 750 508 1188 808 1184 914 885 989 800 726 905 863 801 727 1258 989 886 968 1005 872 940 885 1044 1193 1141 996 797 684 1180 1064 814 776 606 970 803 919 928 934 1327 938 993 988 852 896 835 1068 1021 863 843 995 904 912 747 940 1245 1464 810 935 787 752 1012 1227 662 899 822 1165 775 667 683 583 399 
2746 927 943 672 1025 908 761 961 827 957 1033 791 600 768 956 692 759 648 813 766 1233 1095 1290 665 686 826 704 1090 948 669 764 903 815 1071 972 842 966 1105 990 894 750 874 1014 1005 851 1261 940 528 827 962 660 1078 1032 712 567 1190 755 765 958 805 1318 723 941 895 1227 1097 862 756 1056 818 617 749 716 647 725 587 1136 787 923 1129 758 940 750 1167 855 917 1021 735 824 888 791 841 935 927 1006 775 903 632 679 640 
1239 2608 824 940 924 966 1020 696 961 777 866 1074 858 748 1800 882 911 777 1088 787 909 668 1041 655 722 655 865 754 1014 940 831 892 1021 730 909 893 638 832 995 1032 1074 681 1079 880 705 742 1210 1013 834 781 916 841 763 694 605 731 922 1373 1033 1102 631 939 674 951 915 1229 906 1388 773 901 744 947 1491 716 961 855 938 809 779 1183 1278 666 759 640 996 622 739 1175 800 631 1254 732 1042 938 852 1015 637 742 614 552 
2568 1032 704 1046 1002 1196 633 908 781 1098 622 749 658 918 1285 731 1099 969 978 1127 644 1257 1315 1009 1014 1041 784 860 813 812 842 757 793 737 1132 833 642 671 717 749 961 720 1165 797 793 742 986 1384 886 783 655 1108 918 843 1178 671 1100 812 794 868 1195 1106 1022 1463 918 1013 774 1213 917 819 703 881 751 916 771 545 999 794 749 770 1090 778 619 1065 783 776 784 870 605 728 952 996 805 1322 692 893 802 641 475 358 
1291 2785 1133 684 911 855 767 813 663 981 870 1192 853 1231 777 794 971 804 1069 1148 815 1155 775 1189 663 975 757 864 885 755 822 1050 968 1375 1231 719 1167 1100 752 958 994 1144 964 946 660 1119 673 1052 771 828 928 803 1270 798 1109 1270 911 893 910 787 589 1021 1145 663 743 923 848 1120 805 953 797 873 805 967 775 665 1196 807 1110 717 1064 718 683 502 958 599 900 703 662 1205 833 711 844 923 935 979 803 614 527 379 
2213 785 885 1159 727 882 1213 698 985 1646 619 787 927 924 706 920 778 957 836 920 1453 1268 798 1111 913 751 792 864 1086 1047 954 933 836 676 957 1112 616 856 1079 692 867 883 1193 1390 894 559 862 914 869 769 652 1770 940 896 803 963 886 1072 900 673 1179 948 850 765 858 931 784 695 949 736 1081 1001 938 772 1207 786 1045 1050 806 682 846 919 1145 861 963 1010 926 1013 1160 742 950 818 691 602 770 829 468 375 323 346 
1978 2105 849 893 762 1017 1203 954 773 810 689 773 1327 1173 825 659 1245 929 816 731 1270 774 898 764 898 680 955 684 915 962 886 935 1331 755 916 1088 711 806 963 967 924 929 1196 1036 983 706 894 729 686 898 885 1147 1124 764 667 701 825 717 988 689 947 865 992 768 569 891 970 723 811 951 616 937 1558 769 711 869 874 696 1094 817 625 1013 968 998 781 1035 786 851 871 871 953 968 821 735 811 843 978 976 597 517 
1408 2241 941 785 665 861 968 758 699 781 897 902 1114 794 1074 1010 1185 931 1198 923 781 986 666 1458 823 897 837 922 956 1194 1400 747 944 1284 1029 744 962 908 673 830 766 1004 816 685 960 837 574 578 633 728 821 810 837 707 607 851 1076 1142 906 688 801 1299 800 1343 942 963 814 971 885 673 1414 551 796 850 1117 842 797 966 755 735 700 1137 771 937 803 877 635 693 687 659 666 858 769 1169 912 929 759 966 744 773 
2555 1091 1209 769 1279 1013 839 790 970 951 1001 1328 966 1107 681 1207 807 899 790 745 927 718 756 879 774 940 1023 824 867 861 884 884 627 595 869 1213 1014 916 767 1004 1073 850 889 922 824 1471 989 1013 714 844 635 678 847 735 1125 897 945 1031 769 692 1050 925 1054 505 1140 767 926 998 878 1155 848 758 1229 1216 798 934 789 840 1097 1022 943 1159 941 942 1144 1253 1012 761 761 783 710 970 1051 908 552 619 482 339 346 318 
1851 1824 1182 935 871 580 943 835 791 919 574 1039 746 1023 805 740 1045 803 987 760 867 1261 584 1093 603 974 1093 785 915 751 968 1237 1061 1023 731 971 956 1033 939 746 920 953 680 796 785 1326 748 1017 545 793 791 706 728 903 804 851 1222 1188 935 805 921 732 765 577 659 745 698 1067 1173 963 1102 1055 577 633 560 699 777 661 1125 1050 862 1012 1115 1015 920 945 821 962 679 921 793 823 882 708 763 668 756 711 758 769 
2443 1090 951 815 1171 637 1229 1146 1256 548 730 1370 688 963 586 878 864 724 1155 725 818 979 690 1227 637 966 1120 1008 847 1179 824 1007 896 875 767 631 1067 761 1244 629 820 908 1014 1035 680 777 618 854 745 915 984 989 844 719 982 675 714 978 949 872 773 757 831 1365 959 890 861 742 705 1077 741 1259 1083 1173 704 1093 858 761 715 795 975 1227 793 820 681 1166 824 842 894 764 794 795 969 1216 889 743 646 652 591 450 
1712 1973 656 1156 1369 1062 783 1180 1044 537 1067 1128 576 816 976 996 713 745 834 834 590 734 667 1018 1087 683 813 704 849 1041 918 1078 770 956 735 1163 650 873 836 1305 986 963 832 922 769 799 647 1541 1131 878 727 566 823 854 1074 648 674 865 1017 1139 1150 745 1080 700 737 829 626 669 969 767 767 989 746 884 998 845 975 1060 1083 887 852 863 738 834 946 939 661 680 852 702 932 913 1147 885 885 913 864 930 630 743 
2600 935 829 1055 777 652 965 1086 798 804 749 808 728 815 866 741 886 722 1045 1153 1094 797 850 740 1399 1242 919 981 708 805 1024 897 816 593 809 736 886 992 876 1485 882 1328 617 808 1034 634 833 988 935 854 1346 723 607 949 679 779 554 822 803 952 1189 873 1051 975 977 884 849 628 904 823 1042 724 870 915 838 851 815 724 962 600 841 624 945 937 714 1360 1073 1133 1007 808 847 815 550 1037 667 1067 1201 876 806 623 
