7581 5762 4168 7081 3585 4590 3440 6773 7652 8707 18727 6527 5125 5230 2526 3293 6380 5969 3530 5968 9070 8163 12137 4835 4987 7204 2888 4299 5395 4304 4969 7701 4366 6796 6243 5440 5422 3682 3815 4449 5357 9805 7796 3646 4924 3567 4025 8356 2998 4093 6962 4810 4837 6039 8625 5647 5198 7405 3724 4953 9334 10698 5566 2868 4629 10546 5140 8844 3274 3316 6844 6248 11708 5074 8683 3790 3739 4411 7856 7041 6198 10000 7170 8803 3963 6705 9937 6094 3754 4092 6633 5281 4837 4696 6228 6036 4157 2476 4549 3404 
9359 6940 3765 5185 5532 4867 3590 2719 4502 9473 10890 7289 7711 6674 4272 4363 4324 3690 5932 9488 3160 4334 7967 9520 3316 3268 5469 5399 7942 3459 7377 5675 10040 6168 7738 5153 7063 4526 4147 9335 5991 4633 12451 4051 6581 4447 5547 5489 6755 7110 2649 3663 5474 2428 2907 3304 3500 4701 3594 5002 4443 7779 7903 4466 5115 7238 6652 3170 5951 8737 5730 7411 3105 4863 12815 11237 2572 3983 6230 2471 2984 7844 4885 6365 5916 5675 10263 2632 4864 5456 3020 4781 5497 4816 7159 5011 5366 4703 6276 4968 
8472 9095 8112 4609 12985 7428 9506 10727 3838 5847 8212 11062 4305 3293 6474 3800 3854 11363 4012 6303 3932 4450 7544 4699 6254 8480 7415 3588 7336 4617 4826 5078 3028 4330 3723 4769 10481 7121 4178 6770 4671 3925 5893 5730 8402 6628 10195 8983 4370 3102 3712 4669 6714 12582 5921 5062 9476 3784 7663 4655 8337 6433 6044 5390 6262 6507 2966 4298 2919 6745 5471 5807 5908 4119 2273 7753 7137 4454 4022 4132 4766 5914 5261 4654 2493 5251 9222 6468 7647 7197 10200 3307 4468 4249 8101 8226 7933 4286 4378 2326 
11164 4638 5093 6419 3675 17781 4092 7267 10427 5679 5941 4863 6273 8297 7362 6616 5912 4971 9453 4456 2247 3890 3504 3749 7562 5765 3106 3367 8185 7931 5174 8751 2605 4378 7213 5291 6609 4271 6531 5785 7883 3699 5193 8549 7257 5787 4507 2368 7843 5384 4910 8695 2555 11905 9782 4342 4169 5900 6586 16039 10938 2585 4071 10628 12701 6628 2559 4020 8131 6043 11058 3451 5955 7607 7877 5430 5465 7001 3223 7864 2103 5619 5356 4410 6052 4099 7304 9643 8677 9435 8176 5411 7961 3198 2001 2037 2556 2233 1940 1173 
9485 10108 8477 7712 4586 3543 7221 8120 3488 10611 4152 6691 3756 7554 5293 6408 9344 2900 4416 3462 5297 2557 10032 5869 6247 5354 5737 8482 5365 6762 4899 8944 9140 7761 8954 6851 5255 4590 5292 4118 8868 3681 8395 3881 9309 6018 10215 7056 6941 5005 3887 7861 8376 8461 6578 7737 5763 8249 3282 6265 5142 3687 5242 4461 7223 2337 5059 5679 8521 13968 2531 3638 5957 3293 6100 2626 6795 8643 9161 12026 3492 6098 4542 7051 4253 7277 5145 7168 5957 9479 4764 3618 6363 3105 5133 3789 2672 2846 2919 2175 
13297 4265 5128 4093 4689 13157 6475 3932 6269 8062 5902 3365 7490 5990 6351 5413 10440 11133 5238 10144 4994 3247 5380 8002 5158 7344 6219 14225 8239 3972 3650 3219 9860 3447 7541 6776 3094 6905 6119 6268 6317 4386 6733 11875 4958 7735 4613 8564 5627 3461 5623 4959 9759 2490 4916 4653 2610 15521 4213 7405 3988 5543 4680 6940 6574 9281 8140 5668 5375 5529 3755 5370 9142 7526 3026 5520 6126 7235 3935 10835 5094 7631 11114 10410 3768 3193 8108 7512 5355 3118 4768 6266 3526 2935 3084 3402 2642 1973 1575 1491 
12981 6850 3356 3346 5480 5437 4257 4195 5768 9859 4906 5236 4594 3652 3708 2394 5084 5805 7760 5605 2506 9982 7553 7379 3068 5743 2650 3986 4843 6532 12943 2741 4139 8908 4583 4886 3783 3505 5420 6252 6853 3161 3427 8738 3247 17747 6813 6369 5366 4122 10322 2261 6933 7792 4262 9770 15794 10828 5655 14881 6051 8327 7905 9549 1799 6416 4910 3318 7091 9051 4166 4477 3318 4528 7854 8339 3169 6312 8500 7156 4127 12441 3921 19133 4210 6335 8645 8059 3750 5681 5827 6166 6861 4349 2811 4010 2889 1945 1490 1296 
7462 5375 3451 7821 7908 3123 4941 4933 5943 4521 4134 6014 5389 9340 3919 11313 3899 6294 8008 11019 10692 2958 2812 4502 14600 7427 13459 6606 8496 7152 8349 7568 8303 8121 4851 12527 11246 4617 9447 3277 4040 5472 7876 3775 6857 5915 8732 6504 10306 2678 4448 10292 5097 4801 5855 2859 6469 5887 3587 2557 2970 4665 7410 3839 4685 5776 3232 4348 3865 3807 5700 8015 3408 11872 6073 6351 12103 6417 8797 7763 8027 6756 4289 6231 4812 13247 3972 7872 3890 6935 5021 3019 3126 5440 3268 2794 2289 1884 1600 1123 
9826 4789 6121 10993 6663 9202 5889 3932 8501 5751 7705 3934 5437 6717 5288 7056 10233 3429 6194 3128 6362 3894 9402 2986 7468 9383 3508 4507 5641 10309 4757 4313 5542 8808 4655 2773 10355 4130 5785 5301 7438 4905 3854 8134 4383 4052 3730 2723 7156 3069 4756 4020 7970 7765 5254 6948 4671 5573 3368 6168 8819 3819 3328 4644 7163 8439 2449 6075 11373 4102 5063 10100 6441 4031 6063 15970 11587 4137 6154 6857 7663 8021 10244 5504 5674 9383 5440 10151 6513 6048 4982 4646 4540 4079 8897 3303 4051 2527 2487 1739 
12817 9253 4719 5918 6923 4291 7673 5716 5218 6787 4639 7138 5963 4010 5404 6119 3888 6727 12813 7997 6535 4722 3230 7389 4866 4210 6698 9621 6434 3351 10395 3434 1688 3577 4752 6625 5644 7505 8056 5730 2750 5191 2098 7398 10946 8788 8324 4531 7554 5793 7535 3445 6743 4827 5355 6348 3795 3826 5678 5726 2441 8101 8676 5041 8294 7101 3263 6823 8596 9401 4889 6286 9433 5241 5766 3983 6680 5102 8241 6611 7168 6844 8766 3945 13148 3038 4311 6590 15309 4627 5387 7528 3532 5181 5373 3678 4218 2858 1871 2243 
10597 2078 8937 12035 7677 10651 5919 10188 5956 8881 10078 5901 7274 5466 5797 2684 4361 4288 3424 9709 5130 4673 5517 6952 8134 5742 3793 7046 4991 8642 11355 5589 4430 4117 3721 3712 7733 3669 3652 8322 3304 10242 4853 4727 9737 4374 9195 8224 3795 14431 3419 3227 7082 10297 5273 2882 4853 9476 5310 5670 4564 2795 5196 6715 14765 14929 4082 4174 7769 4488 5287 7090 4357 2742 4489 3915 2897 3994 5340 7827 7891 14131 4030 5411 11411 2246 9204 9066 6646 7228 4126 6236 2942 3570 2557 2650 2370 1986 1224 1121 
9869 6744 6901 5974 14408 4898 6390 6804 3048 4408 5904 6708 2766 5152 3897 6538 5740 4183 11837 10287 9790 6295 7650 6024 7840 14112 2303 4861 3835 7379 9242 5129 6982 5073 4156 7103 3903 6995 5831 2819 6360 5203 8195 8391 6695 10050 5200 18095 6473 4389 10453 4375 3943 5537 5203 3174 10254 3405 6826 2076 1826 6631 2807 5119 4989 2831 2227 4297 2374 7153 11110 7669 3248 9217 3794 2753 6661 5852 5802 3958 5520 5035 3364 6216 6217 5719 5072 14560 4831 3433 3017 8501 8636 3611 6461 4883 4825 3714 2911 3164 
12418 5040 5706 5678 6984 9920 3180 2511 5221 12472 7163 8719 7733 9513 5244 5898 10897 4414 13643 4423 3514 5944 9861 5929 3702 4393 7978 3591 8372 8935 8823 8037 3847 2163 5173 6519 6773 3828 4728 3650 3138 11211 5776 8926 5142 5405 2744 5454 6195 3959 5897 3271 6312 3597 5291 2491 6262 3382 5035 3675 4874 9588 10246 9743 3690 5765 4617 6626 10745 3337 5423 4587 6383 3176 4918 4347 3772 3324 5633 5093 8254 3800 5004 8828 9013 6926 8884 7795 2714 9260 3019 6086 6751 3713 8454 3298 4334 4135 2428 3264 
7023 12712 4928 9277 5985 2326 3660 7632 7326 10635 8727 3644 4386 7641 3678 9506 6513 4468 6482 3570 1863 4297 7133 3670 2871 4296 5496 7476 3672 10815 3829 6885 4070 7260 7635 6354 7495 7414 6368 6587 7421 5142 2508 3268 6377 3226 4686 10139 2983 7240 6032 3439 3983 3203 4576 11823 6845 12004 7412 7466 5975 4111 5698 5493 6251 1741 5671 3675 4256 2595 2936 4273 9381 3095 7815 4972 4105 5088 3199 8100 5283 4713 3384 9058 6484 5877 10627 10690 6790 4684 3205 6749 8234 3140 2932 4983 6234 4850 7779 5927 
11919 5450 7302 8085 5752 8014 6912 5792 5159 4993 4514 3730 4823 6594 6030 8451 5674 4201 2935 5015 8413 7607 4483 13121 5230 2413 2722 3255 7531 3590 6337 8658 4252 6230 9841 7000 4743 8856 4397 8641 3277 3933 5730 2594 4002 5717 5104 9550 5586 8591 4067 4750 6147 2871 4707 6293 8690 6804 4464 4574 3973 6333 2789 3978 2542 5539 11192 4961 9412 7100 5355 3263 6476 6042 3798 3651 4904 4277 7847 5163 6522 7129 2465 6400 5933 4042 6765 16492 7380 5825 6100 9712 6910 14496 6579 6429 8463 4545 5736 2395 
10613 5735 4585 13173 4721 6020 4675 6454 3673 11431 9302 4014 2762 4223 6790 9196 6597 3361 9659 6036 8306 5490 5620 4266 6228 4238 3161 5840 3235 6768 8534 5988 4459 2868 7609 4521 2407 3992 8090 4859 8286 6127 5059 6251 11533 11961 8555 5169 7287 6604 10492 4614 3687 4498 3375 4702 4182 7034 3340 10216 7871 6518 7524 2515 8593 5828 7306 7453 3116 11034 2755 8894 5425 13485 3720 6131 4850 5527 7519 5774 3286 4485 4596 5126 4076 10125 3773 2495 4277 9917 8779 3983 5555 6480 2624 3955 3585 2425 3874 3687 
7949 9741 4982 6888 4887 2935 5893 5735 4063 7364 4582 5677 3724 5203 8512 3928 3373 7614 4723 3015 10329 4370 7604 6758 9626 6415 4948 8697 6800 7508 4195 7910 9288 3708 6752 4368 9225 6330 5892 2891 8461 9496 6429 3379 3335 6297 9052 6650 5902 4757 6589 5146 8127 6046 6572 3198 5960 4245 9443 8033 5573 7175 6890 7784 5404 5087 8760 8164 5668 4253 6609 4639 3310 17811 4378 4459 5329 5664 3385 6661 8733 2392 16831 3949 2900 10275 5904 2041 2459 3721 8087 7208 6820 6896 4076 5528 3416 5213 2257 1834 
7004 5018 10379 5492 6011 12739 3438 5977 7597 4059 6970 8775 4855 6085 4993 4894 3572 5785 7279 2694 4354 5689 15308 15420 5658 7132 4282 8753 6217 2839 4596 10208 9907 8649 5749 4674 5738 7164 4647 5935 3823 5096 5591 9206 7013 2673 5798 3544 5167 3844 4593 2869 5499 4767 5101 3959 7371 4628 4395 5142 4002 6824 4561 2922 11057 9892 5003 5642 4037 4585 2746 2303 3840 6404 7709 4632 6853 2639 8242 3771 8264 4593 5129 7714 2932 5998 7012 11238 10815 8270 5782 3976 4477 5241 6745 4547 5353 6159 3258 5456 
9497 4086 6518 5058 4266 4148 2251 4040 7912 2575 5776 4637 5330 6515 12462 4586 5395 7197 3498 3146 5659 8402 2800 3377 6680 8013 3901 3150 5610 7619 8162 4605 4984 2544 3215 2488 4406 5325 3938 2227 2779 8212 7271 3747 7810 5086 4431 4758 4084 4724 7012 10314 3337 9850 4243 5137 4654 12158 3438 5333 2445 2922 5171 5167 3753 2725 4777 2796 4963 8828 4455 4812 7823 2849 8897 9380 9604 6941 3922 2559 5856 4098 11294 6070 3749 6177 7219 8384 4386 3482 6659 2875 8862 8779 3825 7278 8591 3123 5207 13171 
10735 7178 6335 2035 5783 5089 3081 4973 5539 6531 6304 3717 4283 11793 4886 8425 6143 4866 2289 5160 4727 13219 5497 4895 9561 8908 4803 11545 1816 6533 7143 8325 11517 8486 9671 5166 4411 7237 10136 7298 6877 6695 5647 3384 7182 4917 4901 3262 4589 4481 3910 2485 4046 3516 9217 4433 5416 7663 7760 5492 9596 6925 4872 2111 4003 4558 5205 6559 4290 10334 2960 6129 5446 8530 8724 6589 9686 6140 3483 6692 4968 2982 5646 2924 12463 4328 6195 3345 7267 3935 2051 10188 7034 4921 5042 3154 4393 4086 2325 2892 
11150 13400 7296 6267 5212 8118 14176 5886 3815 5310 10810 9981 8032 3313 7294 4328 5760 8907 3871 13614 8586 6829 8219 10022 3633 5508 4362 2920 9101 9803 7268 5237 5680 5601 6915 8847 8004 4127 5255 9312 6383 3388 3813 2079 9149 6270 8907 7720 10386 8873 5816 5368 8611 7612 5160 7762 3711 6416 3665 7639 9262 4289 4399 11640 15167 6577 4830 5187 7843 5575 7193 3539 9664 7500 5656 6701 3380 7627 6522 3622 5465 5750 4192 6228 7981 6258 2907 2455 4793 3095 2159 1785 1206 1114 957 995 942 930 873 924 
8388 6950 3524 5638 5348 4608 4163 2557 2457 8225 5072 2749 7278 5152 8426 4789 5587 5854 5897 4678 6118 6134 3615 6574 6331 16762 5206 7314 7656 4139 3388 5630 9914 3397 4259 4053 7103 6756 8383 4778 3507 3650 10464 4817 5657 9253 2949 5069 3479 6549 3845 5056 3849 7234 4856 6340 4240 2786 7963 14213 6892 6678 4164 3307 4189 2519 8053 10921 6113 8624 7173 4691 9111 5583 8052 2822 5725 3920 2892 3411 4190 4794 8024 6122 6427 7485 3708 3750 9135 4666 4088 5238 5965 3132 9323 3242 4704 6209 6264 4583 
11980 4340 8400 7705 8348 4066 8917 5666 7525 6637 7071 5978 4239 6885 11859 4187 7509 6342 3467 5990 5453 4434 3509 7826 4391 6789 7085 5328 2590 7492 2893 5314 13017 3183 4286 2553 4741 4025 6352 13212 5962 5416 6900 4445 5463 8261 4559 8709 5288 2895 7506 2277 4267 3004 6266 6953 3194 2484 9853 5043 4379 2998 9178 2751 4514 4379 9745 4346 8356 5368 6414 8853 2759 6611 7383 7868 7806 3255 5075 4331 6257 7955 7736 9359 3528 4331 5075 7967 5605 5921 15230 4721 4729 4835 4073 7665 4666 3579 2936 4909 
8966 7001 4750 6311 10688 7068 8177 5346 3811 3934 5793 8791 10380 5425 10294 13826 9452 1841 2474 8474 7475 4020 5206 3893 7567 2886 13148 5010 7230 8040 4068 5728 5575 10909 4940 5249 4167 3525 7583 6291 5426 2144 7034 4942 7945 5395 7417 7258 12418 5008 6210 4221 5171 4476 4822 8639 3432 6029 3114 4627 7610 6853 6965 5367 2460 3916 6162 8793 13011 7213 9928 6914 4972 4486 4894 4102 10285 7270 8252 3980 7641 6440 2505 3571 5720 4587 3631 4582 7994 6747 5977 4015 10733 6382 3310 2012 4994 2641 1601 1399 
14008 7863 3270 5367 3471 16737 4351 10172 4062 6496 3780 10984 7619 5800 6171 3955 5636 4441 3072 8919 11017 4804 4847 5039 3742 6690 5648 5379 5360 7076 7004 7634 3217 2210 8234 6038 7354 8451 2819 3510 4842 5153 11857 7035 3668 6924 4105 7092 6592 7804 4277 7809 6432 4979 7019 1951 7448 6613 5360 4899 3516 6521 7429 3982 5526 5505 10312 4695 3571 4381 9698 4088 9961 5136 2388 5474 9024 6486 7243 5917 5518 5768 3959 1701 3513 5508 5324 3844 4062 4232 5222 7378 2889 4257 3940 4292 2808 5608 5520 3078 
9492 6479 5443 7429 9419 6224 4816 8305 4621 4324 3017 6350 10113 7258 4014 5669 8384 3700 3503 6578 5166 2288 4878 5780 2905 2980 4868 6315 9940 7191 8683 3664 2549 6810 10722 5633 9261 2582 4956 9046 4671 3092 3244 7991 8940 12485 8811 2961 5713 4177 6938 6651 2605 5993 5004 5951 4455 5956 8571 6688 10741 10019 6787 6970 7981 6846 5535 9206 6064 6059 3509 5239 3054 8174 2035 9276 3578 7759 5243 5923 6070 7258 2615 7446 3697 4626 4302 13813 5043 7015 4126 4071 3785 7483 8747 4479 7251 4603 3265 2519 
7127 9318 7087 12136 4457 2315 8312 5101 6215 6557 3133 5489 4636 8684 5981 5214 4999 5323 6455 10648 5265 8547 4460 3470 2879 5333 3601 6225 6962 4987 9102 8267 2961 8039 5809 4308 6077 9051 4873 7042 3242 3694 5285 4985 8142 4886 8260 5591 2678 12173 5435 11454 12853 3843 12660 7011 5047 3837 9039 4778 2977 4642 9415 5324 4126 2982 4918 5551 3198 7711 3341 5152 3263 3701 5616 4281 2579 8222 8414 5476 7254 5657 4308 10023 9934 4916 4465 8776 6344 4164 5186 3192 8325 6691 4789 3211 4521 5484 3800 4077 
9563 4796 7722 3236 4059 9306 4555 4175 3453 6372 4190 3475 4464 13769 4241 8624 4703 6821 2300 4474 5600 4766 9102 3320 7140 1896 3769 3547 4836 4701 6329 10513 4705 4699 6657 10309 7766 9613 3457 9537 7968 4716 6012 5584 10978 2148 7142 3508 6079 8712 4461 7419 3234 10837 8764 6084 5465 8750 6666 7848 9480 8361 4685 2525 5227 5181 6022 5448 9863 3249 3581 7096 4421 6506 4886 8158 3664 6089 7077 6076 4651 3240 6422 2359 5071 2757 3597 4883 4795 3721 2964 5745 4513 4580 11187 3025 3806 7564 4035 6268 
11355 3683 6143 3082 11748 9843 2469 5717 2166 3733 3716 3138 6240 11467 6527 4422 7525 4327 6020 2725 4972 3769 7183 7173 8895 2399 7841 2965 4042 2988 4721 11813 2934 3937 4596 8074 2714 6277 7075 9250 7674 5849 3319 6971 7100 5580 2617 6922 5663 3081 4016 3549 11303 4457 5672 10430 8076 6926 6392 4106 3364 4794 5988 4826 10331 7496 9852 8710 8647 8471 3881 3788 5450 6115 7760 9866 4919 11186 4078 5838 3674 7517 11841 11533 3179 4458 9234 7050 10664 3574 6563 8006 3303 4349 7902 4500 4991 4045 2507 1963 
12188 3573 5377 5717 10159 2813 2890 11491 5829 4040 4387 5522 4935 2138 4557 4335 7117 9646 6596 5319 7673 4498 4799 3047 2887 2538 3338 4528 5644 6033 6703 7131 6792 6936 3303 5453 10341 6965 7274 8707 6156 14422 7480 5327 4140 6333 4485 4539 2825 7970 4464 8316 5935 3446 10372 4763 5666 3919 6083 5007 5429 5766 2268 3643 2081 3292 9647 10572 8463 5633 4427 8214 3816 7141 3985 5519 4580 4855 5304 4224 3941 3500 4934 4090 5706 5096 5519 5997 10379 5930 8625 6847 5541 2937 6722 7086 9013 7812 6651 7583 
8171 4212 2693 2811 6007 3901 5264 6273 2540 6480 6074 5236 4206 6411 6882 9546 5910 4114 5801 4308 5587 6878 5295 4851 8514 6363 2873 4598 10978 6532 4301 5671 15407 7638 3070 3376 3905 9925 10438 8475 4706 4107 8754 7404 11102 3457 4584 3468 7960 8004 4243 6389 2770 4580 3281 4503 9296 4800 4249 3440 8589 4029 4126 3572 6000 7594 4515 8641 2747 3600 2606 5065 6770 5409 2962 3012 10269 3333 9372 11913 2903 4054 3235 3936 7157 8094 4045 8178 9520 3955 5349 5782 3669 6151 13111 2033 3812 3550 7118 8269 
5904 6197 5271 8180 8683 5720 5077 5463 4759 4278 4847 7348 4825 9221 7125 8063 3759 4529 5506 4567 5197 9608 2955 9729 5459 3441 9971 4632 2564 11586 11644 3864 7136 4109 2199 8945 4181 7687 5657 6586 3104 5023 6138 5838 10240 5799 5774 5043 5276 3823 8218 4589 7546 10020 4733 3948 3928 10033 4172 5979 3286 3570 6803 2996 2597 3929 10158 4825 9476 4611 5458 4138 7569 6155 7084 4685 4758 5910 3893 5655 3308 6693 5539 6110 4027 4256 5574 3164 5728 6385 14434 2377 5363 3513 15591 5790 5750 4252 3855 3809 
8977 8517 8681 6018 3316 10613 5962 6100 6072 6407 4961 10367 7800 4707 4148 9994 4939 9830 2588 3845 5680 4403 2253 5702 6533 3995 5113 6631 8215 5360 6866 6932 10452 5022 6243 4647 2468 6948 6060 5642 3274 6036 5974 4387 3857 5207 7733 3728 10907 6078 7951 8563 5115 3653 3101 6904 4424 7012 8613 13196 4228 7511 6050 4280 5723 7522 7736 3477 8634 7115 5995 5341 6657 2835 7103 6520 4223 3435 5021 5633 6570 6389 2603 5938 7356 6493 3543 8159 5334 13213 3168 4439 3559 3864 6658 2477 3914 4498 5772 3608 
7349 3955 6723 6979 16394 4564 6405 8402 11126 12039 5728 7231 6796 4022 3968 9600 8567 2524 5716 8275 11670 3548 4960 6581 4514 3831 6051 11626 5575 3901 5952 6707 5011 6453 3624 5188 12239 3469 4288 3770 5873 5262 5559 8098 5005 4903 5005 6766 10092 1942 3377 6276 8381 2750 3161 4281 7346 7492 3819 9032 3195 7012 11652 4572 5080 7501 4358 3628 7273 7968 6092 8088 6865 6859 3320 6071 3332 7562 11992 2932 5738 8199 3225 9152 5530 5259 7816 4679 5743 4405 3261 5062 7486 4260 4753 7709 3415 3124 2976 1741 
4946 6860 3718 5419 9430 6698 7464 3435 2612 4679 9558 5868 7588 6192 5497 8884 7655 6288 4371 12468 7403 3117 8191 2980 7044 6487 8719 2472 4791 6666 5455 4931 8784 10003 6011 7492 6613 4882 4275 3853 6801 5533 5831 10042 5552 10045 6665 5074 7577 4447 6447 3518 9088 4829 4907 3032 5563 4829 3543 4841 6729 4851 7199 12458 4605 4635 11371 8829 6045 6371 3213 4543 8221 1753 3280 2477 6509 9057 3774 3902 6719 3794 3047 6313 4364 3604 4771 9986 4688 5751 4333 3310 8323 4270 6302 5427 4322 6945 5310 2998 
5011 13034 9508 5044 10672 5790 8325 10142 5864 2940 2800 1954 6647 9124 9824 7784 7152 5758 4575 2519 5387 6726 3360 5398 2011 5677 5623 8737 4368 8155 6377 5827 11505 4537 5694 7372 4865 14420 4517 3873 6784 4594 4809 6235 3667 4481 6681 4095 8551 5991 12113 4909 5228 9224 8227 10183 2375 5409 5655 2832 3703 3502 9647 4495 6421 3460 7504 5070 4896 5887 4411 5687 10284 2877 2599 12291 8512 6540 8780 3155 6165 2549 4482 5264 7732 6740 5426 4247 6659 3357 7449 7821 5945 3606 9857 4152 6404 2051 3633 2590 
5631 6020 3412 6098 5826 5149 2269 3569 3589 4853 8551 7248 6374 6940 12692 4711 6591 6679 10157 4309 2823 7426 4813 4553 8344 7414 9597 3500 5713 9128 2649 5789 5558 4707 8712 3657 3622 5192 4308 3847 6595 5660 8884 7006 8761 7280 7981 4985 3957 4575 5434 6769 4890 6979 9990 4017 7690 8566 6580 4618 6463 6159 5088 3222 4299 7206 15015 4289 5112 6023 9494 4703 6222 4892 5876 5829 6329 10913 6622 6162 5129 8283 5305 4217 2586 4960 3338 4217 5629 6664 4240 3083 5426 3052 5465 2924 7585 5109 4575 4678 
5942 4204 9460 3641 6830 6026 5367 6427 7176 2694 6948 6904 6291 5182 4935 5773 7162 8671 6524 2923 9586 5962 8389 2845 7151 3848 4535 6570 7952 6676 7748 3962 9837 6095 8424 5926 6548 3533 2406 7215 4228 5840 5755 5447 7845 4342 7341 5599 7020 4695 6774 4295 7754 4108 5927 4844 4356 3529 5027 8432 2127 3948 6444 4560 9193 12187 3276 3260 12156 8379 9045 4487 6248 5559 5571 3742 4303 4995 6779 5843 2858 5131 4773 9061 3974 6802 8255 2524 7430 5630 5255 5425 4050 2655 5510 4699 7122 5552 6212 8652 
7155 5925 3696 5147 4067 5434 4847 9556 3998 8986 3403 6713 7996 8592 7132 5758 7828 10309 5876 3416 6708 9408 11453 7876 6000 3267 4298 7177 3940 4797 5540 5180 10020 5094 1805 4531 3436 9554 9015 2922 6516 6066 4784 4460 3793 6906 5494 3220 4016 5246 8564 6107 4221 8486 9283 4869 3747 10226 12260 5120 6509 2532 5959 11507 4179 4614 5675 7586 7301 5302 10998 4185 2656 5609 8757 10292 3214 4088 9566 4420 7041 4328 7109 4923 10402 4617 6042 18709 8955 8131 6095 3792 6199 2870 2540 4264 2157 2473 1743 1224 
6357 9638 6725 5546 4800 3107 8881 7287 3839 5888 5716 6529 11180 8513 6474 7931 4872 7136 5411 4828 3638 6762 4179 3584 4353 6192 7739 9568 8082 12390 3830 4986 4956 7119 14330 6375 5688 13864 3884 6079 3128 4552 5975 7625 12314 6704 5366 9320 5566 4750 6023 7530 4424 2758 7244 3695 4269 6503 9190 5830 2399 3147 4971 5044 3168 8854 4624 3411 4808 3384 13058 4615 4546 3695 5423 9287 7213 12646 6363 7558 5586 4174 4174 5715 6732 5838 7408 3275 5728 4727 9608 7172 6745 4638 2701 2591 4251 2656 2499 1909 
8667 6778 4972 8621 7876 5612 6712 4156 4573 7973 7418 3491 6784 4410 5651 4597 6175 5922 9633 5100 10401 5511 14983 5014 3858 9786 5404 5773 3831 3813 4089 2960 5371 4075 5729 4418 6414 10818 3609 9654 5099 5534 5301 3645 6565 7510 7973 2949 8134 7760 8251 5973 7193 4091 7714 2851 9836 4529 3871 7141 8778 6111 11167 4836 10277 7486 5259 5032 5425 4720 3469 5044 3814 3364 4858 5406 12675 4615 5274 7734 5995 2437 6613 7136 5498 6609 5971 8482 5168 4795 6026 4547 4426 7147 4990 4096 2503 3722 3969 3764 
9534 7410 6781 2675 15609 6675 5036 7154 4502 9027 5198 5025 6036 5815 3511 4623 5929 5926 4253 3963 5983 9641 15263 3673 7889 3673 3708 2725 7407 8936 5832 5416 4428 2824 9612 6505 5237 5057 6696 4041 4804 6232 4236 5522 6503 5399 9805 6866 5029 8612 3009 3121 10398 1877 5824 6040 4566 4123 6645 3345 6205 5768 8281 5293 4510 2726 4785 4618 5555 6730 3176 9530 3668 7278 4746 7566 3594 11881 4795 4351 9055 6673 6301 6553 5289 5292 6188 9512 6143 7061 5662 4020 3568 2498 3710 6073 4740 3379 5433 3285 
10319 11049 6100 6419 4718 6341 9346 5702 3275 7364 2653 4100 6151 6095 12738 6209 5485 3770 3980 3028 8817 6177 11116 9095 5119 3956 6117 2995 6992 6556 5374 9318 6958 6227 3440 4595 7878 7616 3881 2242 3542 3508 4959 7859 7459 4669 4100 6035 2194 7275 9921 5807 6013 4355 5952 2929 4287 10501 5982 8965 5714 11065 7465 15414 8001 15370 6042 5709 3176 7150 12308 10189 7837 7063 5098 4735 9686 1555 7567 5091 6623 4092 5166 3857 3446 5154 6171 6719 5395 2771 6100 3634 2844 2617 4759 3927 2673 2467 1882 2667 
6865 10503 8377 3814 3637 4396 11366 7484 8178 8923 6080 8154 4796 2899 4832 8272 6243 4421 6221 6578 5790 5558 3118 7973 6259 5539 6712 6114 6871 7232 4508 4345 5623 4214 6010 4878 4971 3033 7930 4793 7415 5617 5990 6622 5608 6457 4588 12349 6074 7419 8957 5266 5595 3576 3256 4320 5164 5104 3720 7785 4680 6134 3879 5098 6223 2228 4579 11027 7800 5405 9828 6041 9406 8486 9419 4928 5634 5720 3688 7586 2600 5479 5131 11217 11224 2643 3315 7548 14797 1910 5272 5549 6557 5706 4273 2717 3542 4146 2852 2050 
5253 4166 13685 2857 3778 5220 4281 2799 9664 5083 10019 6548 5394 3511 5896 6857 4663 4646 7732 3185 6610 4497 6681 3277 4484 11906 6980 5548 5033 5619 3422 3116 9258 4579 4653 8615 9719 8611 4058 6280 10353 5745 7639 5497 10832 6225 10185 4043 5127 6396 5915 5160 5912 6682 4309 10010 5379 6681 4096 3955 7728 6471 4270 11412 6777 6345 7420 5866 2444 6537 9929 3595 2652 9390 4033 3875 6414 5317 9176 4549 9340 1777 4604 2605 5400 7327 5961 4727 6863 3796 13027 3852 6393 5404 7767 5611 6528 3010 3782 2258 
7146 6293 7265 4068 4621 6489 6594 13124 5737 7133 5964 8930 4683 6862 5724 8957 9636 7740 5788 6977 7751 3181 3637 5143 4801 5367 2262 4116 4401 11133 4492 12140 4197 3419 4108 5409 3222 7580 6230 4397 3274 3440 12833 5214 8682 9204 3695 2918 3861 5596 3232 10296 8085 4232 9624 7208 4627 5008 5640 5693 7241 10591 4007 2415 10435 2817 5682 4672 4531 5463 5484 3205 3810 6819 3374 6112 2635 15142 6317 4627 4607 4113 7096 7154 4598 8897 4128 4882 5945 4738 5671 4365 7688 5340 3085 4619 11059 4734 2572 3753 
5159 19799 5818 14682 10550 5123 2488 6608 8161 4860 5707 5378 6161 4877 7149 4749 4457 2712 9977 5326 5395 5424 3731 4316 13035 4429 8744 4526 3819 4705 5415 1894 7294 3823 8042 5983 5652 5280 12024 4366 8040 10083 6567 6701 3151 6681 8554 5660 3732 4414 1845 5642 8438 6190 9919 8526 11949 5484 3945 10503 7468 3219 6577 4076 8250 7505 2664 8603 20279 3573 3867 9731 10510 6710 4453 6346 2604 6336 5787 3980 2641 4140 9854 4743 3635 8333 3662 4465 4123 4636 7186 7220 5459 2569 1902 3373 1950 1644 1362 1016 
7201 4052 5735 3732 8333 5464 11139 8538 7807 6225 9723 3614 6960 8539 6956 15649 5636 6974 3606 13047 3146 8955 4348 4798 2438 5669 5214 2804 4737 3703 4740 4878 3403 3499 6042 5640 4154 2656 8003 6711 8222 5429 6152 3416 5710 4231 6733 3372 7696 1952 8779 5083 6909 5495 7039 8654 8570 3802 4103 5526 10768 4841 3563 7694 3695 4578 6734 6033 5247 8118 7228 2576 5813 5954 5354 3954 10214 5388 11502 4901 7274 3874 4691 4867 2232 2310 4204 9220 4257 6048 3327 7723 3419 3699 8523 9873 4639 4265 4458 2752 
8287 4964 5524 5555 6093 3729 3680 2422 5005 2476 9261 3012 3990 4567 8770 5928 7752 6650 6832 9548 9461 4138 6588 3615 11013 5534 5264 3276 8362 9366 5868 8563 3833 8132 4974 4805 4718 7401 5293 3711 4245 5350 3854 3135 3939 3301 8185 3451 6417 5075 7968 8323 4593 7214 4338 6315 3787 7269 5485 4216 5265 5295 9816 5150 4001 6035 6905 3616 2706 5169 6801 4931 4595 5571 6164 8662 7727 2802 5239 3534 6647 3155 7570 3566 4075 6519 4514 4344 4668 7923 8030 7595 4719 3994 4205 5219 11139 6925 4187 8593 
8289 5074 5019 9845 11272 3974 9001 6065 5634 5552 4288 4557 3990 6706 8605 6262 9708 2476 3676 5989 5599 2972 5269 13899 3441 8920 5175 9050 2142 7542 5567 12506 6004 13171 6683 5199 5921 7120 6961 5892 5073 4529 3411 10270 5003 4500 4326 3843 5913 13130 6571 13693 8133 2772 16018 7871 2350 5040 4325 6216 8757 5967 5556 8738 5621 4842 9959 11881 7808 4163 12019 6959 8735 5557 7755 7518 2521 4639 4026 5746 4478 3113 3133 4220 14877 3538 5314 3279 3870 4227 6457 3137 3485 2585 2439 1731 1401 1313 859 918 
