1215 4070 3345 1408 963 1669 2102 1189 1435 1479 1709 1833 1044 1108 1220 1269 735 1284 1367 1405 1501 1507 1343 1264 838 2033 828 697 1318 1625 1207 1418 1440 1021 1514 1271 1359 1314 1830 1374 1951 1685 1261 2048 1914 1948 865 2155 1552 972 1532 1043 2599 1347 728 1896 1659 1069 1329 1246 1403 975 2581 1068 1530 811 1145 1212 1750 1805 1622 1405 1165 1180 1308 810 708 1259 1972 1386 1931 2156 1247 862 1095 1244 2183 1349 1321 944 1437 1271 669 1044 1006 2446 1461 978 631 732 
2402 5020 1623 899 1580 2302 1121 2058 744 1270 1290 1283 1914 1048 1165 1434 1580 1921 1184 1124 1094 1636 1275 974 1041 1343 2282 1515 1503 1863 1215 1331 1401 717 1769 1160 1029 943 1734 1891 1128 1036 1434 1018 1878 1406 1598 1626 1341 1550 1115 1665 1182 990 1953 2178 1487 781 1232 1273 1424 868 747 1520 1297 1430 862 2322 1249 1733 2320 1571 1212 1684 1199 1571 1100 1477 2203 1337 657 960 1239 1414 1684 1440 1495 1870 1366 871 2662 1317 1739 961 1425 1065 1043 630 570 538 
2552 5064 1221 1691 1230 1173 1216 1295 2114 1128 1175 1559 1278 1091 1006 907 1710 1200 2103 1218 796 1304 925 1416 1421 2761 1889 1253 1389 1776 1198 1323 2704 1258 1317 961 1187 1786 1156 1202 1765 1341 1255 2089 1000 1043 1545 1075 698 1349 906 1607 1361 2358 1163 1857 1004 1263 1411 1791 1103 971 1643 1743 1471 1085 1124 1376 1275 1836 1673 1319 689 2996 920 1573 1173 1582 2093 658 895 1388 932 1375 1466 919 1922 1597 1927 846 1147 1105 1057 1741 1507 1110 749 922 527 368 
2233 4296 3022 879 1118 1441 2315 1656 1624 1552 1385 1288 997 1009 1802 1464 2112 1982 1391 970 827 1230 1461 1208 1212 1577 1481 1649 1536 1016 1120 1407 1284 1014 1890 956 943 1096 1077 1624 1370 1345 1296 1365 940 1023 1000 1199 1113 1292 1596 1520 986 1250 1732 1584 1108 1447 1062 1041 1702 2325 1067 1764 998 1825 1810 1152 1170 1427 1788 1392 1097 1024 1190 1375 1244 2219 1318 1689 947 1971 1077 2245 1063 1086 1932 1492 1234 835 923 1225 1430 1661 1323 1498 1836 1005 883 1065 
3071 2933 3048 2791 1649 897 1558 756 1406 1450 1440 1723 1406 1116 1520 688 1709 2429 754 2113 1604 1825 1697 1741 1014 1277 1082 1800 894 1098 1324 1358 1177 1432 1091 848 1400 1708 1095 1333 2371 1672 1133 1269 777 1037 1219 1861 1295 825 1573 949 1348 1051 1175 935 1544 1532 1648 796 1138 956 1745 933 694 1342 1531 1521 1717 1371 1668 1539 1383 881 1719 1705 871 897 1097 1920 852 1072 1243 724 1184 1019 1711 2872 1415 848 1663 1277 1506 974 1105 905 1885 1263 780 1128 
4222 2408 854 1344 1415 708 1231 1025 969 1560 1141 673 1434 1292 1634 1941 920 1733 1281 1542 1288 1016 1750 1233 1091 1292 1297 1173 2845 891 1882 1642 1089 1979 1134 660 1159 986 1041 1032 1360 964 2129 1174 940 1282 1359 1624 1690 1564 1093 742 1995 1286 1175 1345 1211 1022 1307 1268 1965 817 979 1078 1406 1208 1266 1108 1472 953 1463 2104 693 1589 1633 2015 1505 1183 1479 928 2024 1130 875 1328 1154 1242 1591 1311 1746 1281 1250 1766 1202 1324 1594 2000 1096 813 804 1676 
3245 3211 2815 1056 1488 1289 1269 1208 2310 1653 1001 1843 1521 1511 1213 1407 1233 1207 1603 1325 1299 951 1102 1408 1725 1081 1102 714 1899 941 860 703 1199 1293 1361 1577 1305 988 778 1641 1958 1386 1507 699 1357 983 1505 982 1944 1143 793 1284 1561 800 1056 1607 1916 1192 1297 1158 1295 1048 1048 1597 1301 1323 917 1010 1379 884 1031 1697 1546 836 1109 2323 1157 1062 803 1603 934 2040 2075 724 1698 856 986 1032 870 1193 1343 1391 858 985 1802 873 1791 1211 1195 830 
2472 3374 2766 1318 1262 1626 1862 2584 1337 1009 1161 1706 1145 1309 1149 806 1493 1180 1986 904 925 1651 1033 907 1489 1947 873 1230 987 1433 1303 1508 1463 1404 973 1429 1905 2094 1586 921 1098 1618 1880 1461 1350 1247 1109 1233 1242 918 2431 1794 1552 805 1067 917 1409 967 1513 1871 1451 1353 1183 1080 1218 825 1628 1865 1417 1228 999 1496 1120 1069 1182 1120 1860 2280 837 1480 1201 1207 1000 820 1824 1175 867 1332 1834 1400 1448 1603 1458 2508 895 918 1107 1098 1340 903 
3574 2485 1530 979 2219 1441 1188 944 950 1192 1042 945 1507 1732 1844 2345 1257 1833 1313 1714 1452 1436 1547 1842 1700 1051 799 1596 766 1380 1726 3091 1142 2166 1264 799 1237 1918 2582 630 2054 1602 1636 1497 758 1236 1872 1723 1308 2164 2067 924 1719 799 1799 1069 1763 1122 1336 1042 1213 905 1092 1862 956 1621 952 940 1077 1280 1544 2909 725 1631 1195 2216 1243 1433 2118 1591 1228 2152 920 1281 1987 1531 1163 1849 1316 1265 1265 881 1410 887 713 477 386 362 350 314 
3827 2220 2898 1324 1830 1424 1458 1510 915 959 1274 988 2210 1799 1609 1996 1051 977 1236 1771 1221 1675 2036 1415 1394 2122 1514 894 1086 1778 1676 873 1417 1083 1591 1382 1932 1624 2046 2124 818 1526 1184 1177 1384 1731 1085 1462 779 1122 1643 1710 848 987 1160 958 1938 1084 885 1769 1132 1701 1146 1800 1446 1184 1871 1665 867 1631 1529 1073 1923 1110 1314 1060 938 1851 1750 1136 1757 1198 1665 1124 945 1202 858 966 1483 572 1161 1549 1181 1381 1304 1801 1399 916 644 790 
3221 4824 1805 1273 1074 766 1070 1252 1493 1303 1267 1665 1188 1748 2008 2567 1259 1526 1562 1545 1259 1035 2302 1807 1904 1034 1160 1906 1173 1430 1405 1337 1417 1634 966 1231 1704 1394 1051 1100 1225 2265 1018 1566 1204 1786 1420 1492 1285 986 914 643 1059 1446 1329 1443 1003 961 2570 1596 2403 1782 1270 1409 1096 2083 1319 1937 1697 1449 975 1157 1073 782 1267 1502 2140 994 1690 1505 1530 1591 1192 1011 1717 1324 1532 2031 1190 1148 1312 1080 1063 1312 940 779 1080 504 434 362 
4366 2911 1870 1760 1823 1800 2523 1136 1301 1911 1407 2048 932 2030 1595 1180 1605 864 1495 1890 1429 1035 1468 872 1210 1171 1254 1096 829 2046 1380 2048 1291 2450 1729 1428 1196 1463 660 1700 1070 1617 2191 843 1595 1220 2166 1646 2416 1563 819 1313 1796 1287 1416 1021 1155 1520 1252 1692 885 2009 1240 768 1159 1721 1375 1895 1844 1601 1072 775 1116 915 1341 1622 1367 2088 1471 942 1025 1122 1202 1832 1846 1549 1517 1108 1136 1548 1234 1346 860 874 954 715 590 376 352 339 
4240 2163 2106 1893 1224 1171 1070 1230 1446 1291 1362 1556 1539 1426 899 1529 908 1123 1813 1760 1155 1420 1853 1191 1287 1253 1518 1245 1097 1348 1290 954 1332 1942 1960 1137 1222 845 1281 990 983 1293 1885 1367 1931 1195 1286 1369 1101 1436 1585 1960 892 1063 962 1489 1310 1375 1433 1714 1750 1333 1665 1765 1410 1701 1519 1169 1284 1230 1423 1523 1441 1689 1410 2280 962 815 1237 1045 1356 1203 1225 907 1382 1218 1397 1768 2009 1833 1443 1531 1250 1462 1543 638 706 919 957 906 
5348 2158 1825 1397 972 1339 1032 1306 660 2208 1801 839 885 764 1067 1145 2130 1038 1032 1014 2094 1252 1271 947 1174 1025 771 1245 1225 1574 1478 1631 1301 1556 1301 1337 908 1251 1069 1235 1258 1829 1429 1522 697 1877 1937 1523 1340 1811 2026 1311 2655 1160 1244 978 1423 1658 1103 873 2090 1510 1315 1297 1141 1256 885 1505 1922 955 870 1361 982 1768 1092 995 1277 915 2959 791 1463 1132 902 1057 2666 1426 1284 974 857 1888 934 1193 1943 1347 1040 1354 849 1012 1557 1217 
3509 3423 2441 1232 857 1676 1022 1827 1392 1216 1520 2189 915 1165 1922 789 964 1150 1107 1072 1708 2262 1872 1555 1360 743 1289 2390 2146 1878 1004 1273 1357 1362 1604 1945 1500 1015 1339 1023 1207 1661 2296 2747 1141 1010 1710 2517 723 1806 1073 2351 1386 1370 1326 1390 1376 1665 917 1554 1714 1060 1198 1733 1161 1728 1362 1573 1996 1941 2174 2052 1447 1551 2228 829 1860 1647 2203 789 1011 1085 1382 854 1083 1407 1210 1387 1276 990 1510 1069 755 560 529 400 380 326 336 310 
4954 2691 934 1345 1425 1284 1162 1590 1723 1299 1708 593 1924 917 2796 1008 1526 945 1542 1965 952 1055 1107 1001 1210 962 1706 1561 1705 1908 1415 1077 1370 1423 1161 1579 1038 968 809 996 1880 920 883 1256 1041 864 1124 1020 2139 1551 1147 1172 1792 645 1175 1456 2066 2060 2058 2911 1387 1031 1661 1367 1600 1046 1352 1296 1069 913 1011 1809 1274 1747 2265 898 1280 958 1293 1061 1169 1678 1449 1162 1148 1363 1142 1384 1719 1153 1137 1483 1132 1910 1662 1107 773 1176 939 1066 
3526 4519 1379 1148 1430 1149 1075 1158 1643 1323 1188 1313 1592 1414 968 2352 1284 788 1169 1017 1090 2125 1239 1530 1783 1256 743 1091 983 1830 1297 1433 820 1357 1445 1999 891 1112 973 1076 1482 1714 1456 1285 867 1085 1181 1988 1466 1057 1100 1011 1697 1205 1373 1001 1099 1562 1298 1074 1963 1635 1012 1042 1095 2222 1488 1214 647 1771 1084 1350 1172 892 1863 1422 1185 746 1300 2349 2330 1187 1718 1758 1672 870 1346 1330 1106 1338 741 1452 1903 2214 1079 1699 1695 1096 1095 980 
3442 3557 1085 1942 1725 1997 1451 1304 1095 1297 1312 1458 1565 1461 918 1115 1360 1071 959 1510 979 1737 1620 1158 1016 1646 1534 819 1026 1359 1284 1486 1401 1800 1161 1128 737 1412 1481 1404 1244 1173 1820 572 1563 1344 1321 2026 1356 1564 1930 1082 945 1650 1247 1422 1771 1442 954 1237 1734 1177 2402 995 1111 2245 1875 1108 1497 1374 987 1294 1872 1088 2885 1274 1117 1063 1976 1434 1908 1171 955 849 1404 1377 1037 1393 961 1891 1509 1199 1214 1370 1784 1181 1230 812 644 420 
3960 4057 1134 1313 1113 1055 786 1542 965 1237 1109 1023 1429 1229 1382 1383 1676 1158 1544 1098 1632 770 1857 2051 1530 1071 1154 1274 1249 1507 1479 1965 1575 1654 966 1422 1900 1814 1694 939 1450 1420 1732 2165 1083 1129 1633 2212 2376 1144 1474 1041 1094 1188 1548 1441 990 1745 1026 1264 1125 1285 1158 1408 1403 1405 935 2447 1849 1683 1856 920 903 994 1030 1881 1404 1618 1806 853 838 2739 958 1806 1229 663 1257 1280 1476 1782 1169 1428 813 1335 956 824 1975 718 770 507 
4526 2793 1517 1004 1280 1358 1703 703 626 1296 1031 1606 1183 1192 1134 1144 1212 1141 1202 2058 1018 895 1689 1300 826 1390 1584 1376 1424 722 1955 978 1653 917 1244 1327 1599 1643 1219 1938 1201 1304 1584 1619 1189 1440 1054 1415 1356 759 1138 1397 1318 689 1180 1309 896 1130 1437 842 1726 890 1737 921 1038 1244 1285 1180 1110 1299 786 1245 1212 1082 782 1900 907 1570 1179 1134 789 1180 1071 938 1393 1685 1158 1226 1043 976 2271 1485 1523 2234 1580 1656 1679 875 1128 805 
4202 3290 1332 969 1395 1363 1603 1647 1057 1567 1350 883 2772 1384 754 1282 1718 1557 1836 1845 1016 1198 1515 1375 872 1387 1151 1084 2081 1512 993 1650 1000 1403 1205 2284 1280 1056 948 1373 2067 1180 1223 2058 1123 1073 1226 1736 1813 1086 1449 1823 1128 1802 1194 2117 1715 1147 736 951 814 1097 942 1050 1165 1631 986 982 1445 1576 1001 1381 1523 1319 2178 1694 1136 1345 1737 1834 1313 1078 1590 2048 1106 1008 1848 1036 1199 1284 1521 1121 1028 1261 1013 2064 1252 955 776 778 
3682 2861 1894 1280 960 1587 1274 1397 1881 1665 1185 1740 1700 1558 1889 1254 1174 1090 2100 2052 1897 1397 1012 1140 2120 2294 2298 2169 1220 1032 1120 1043 982 1454 1215 1868 1279 1028 952 832 2810 1583 1343 1879 1067 1287 1158 2278 1511 1229 2777 1316 1178 1409 1442 1505 1230 1971 1695 1431 2077 1676 1881 1306 1737 2173 1439 1952 1359 959 1734 1160 1116 1003 1317 976 1464 1180 885 1195 2096 1893 749 1244 1476 921 1425 978 830 795 1148 979 1258 939 704 481 362 347 323 292 
4636 2634 1352 1550 1456 1374 1762 1164 1692 1605 2183 1559 1472 983 883 1777 1263 1440 1494 1960 1433 1090 1150 1889 1481 1318 1632 1040 844 1278 2177 1668 1339 2020 1256 1265 1683 785 837 1749 1418 2195 979 1335 1445 1167 1299 1110 1927 2199 648 983 2113 1096 983 1667 855 1454 1690 1254 968 1564 1709 1233 1360 1586 1416 1826 1733 1191 1013 1208 1198 659 1652 1951 845 1842 2384 1127 859 1176 960 1149 1629 1769 1739 995 790 1165 806 1315 1092 1189 638 1200 1008 1103 702 676 
4360 2757 777 1632 945 1863 1198 992 867 1940 1647 1134 1128 1031 1114 1088 1389 2060 985 1711 886 1281 958 2376 1369 1269 1591 1719 1252 854 1330 1351 810 861 1766 723 1534 1308 1345 1561 1265 1145 973 1562 1588 1703 1908 1562 1513 1313 1055 1009 1282 1519 2457 1421 1298 1278 1640 805 851 1300 1595 1110 1200 2438 1186 1338 922 911 1295 1102 2244 988 1684 1350 876 1342 1431 857 837 1835 1119 1598 1207 1344 1604 1554 863 581 1879 1970 1523 1210 1835 1078 1270 2309 1143 791 
2901 4233 1858 1508 1274 1185 2106 1107 1179 1313 2172 799 1468 1044 2302 1299 1614 1583 1789 967 1572 1583 929 1529 2255 1148 2200 1432 2210 908 1597 1522 1815 1433 1277 1053 1682 1089 1129 1332 954 1315 721 829 995 1437 1406 1252 1667 1068 2174 1359 2981 957 1058 740 1314 1307 1667 1834 1399 920 1530 876 958 1148 1014 1586 912 1551 1862 1673 2240 756 900 2462 1490 1152 1387 1756 2318 2549 1497 1443 825 2441 996 1597 1454 1364 1775 1237 956 788 881 585 404 348 340 308 
2345 3006 3558 1222 1185 2187 1665 1367 1144 1130 973 888 1407 1336 917 1036 1087 1053 1035 1131 1042 1175 1252 948 1580 1245 1661 1331 1429 1048 1023 1363 1995 854 1059 1821 995 1209 1195 1865 1531 1562 1341 1967 2156 940 1840 1354 1504 1146 1148 1053 1899 2085 1528 1071 1803 1313 1825 2360 1833 1750 1590 1137 1736 1320 2175 1366 929 1122 1267 1592 929 832 1018 1446 1176 794 1173 1159 1125 1382 777 2401 1370 1788 1576 1203 1631 1408 1058 1168 1436 942 1180 1236 1740 1306 871 749 
3493 3645 1619 1395 1739 1824 912 926 1598 2008 1241 1363 1384 1619 925 1141 1141 1992 1113 1994 1450 1358 1109 1754 1758 1015 1615 970 1885 1227 1545 947 1304 2252 1511 1784 1254 1350 1159 1713 768 1569 912 1228 1174 1228 675 1038 824 1331 1063 791 1518 1825 912 881 1513 1357 1635 2082 919 1052 994 1189 1399 951 1743 2240 650 1046 1813 1702 939 971 1416 1397 1504 853 1610 917 1340 954 1041 1354 1624 1121 1096 1371 851 1040 1337 748 831 1788 923 1318 1459 1496 1756 1473 
2911 2998 2329 1515 947 1635 1551 1516 1264 1346 1066 1850 1191 1310 1060 2148 990 1115 1237 1461 1439 1168 1527 1187 1377 2130 932 1186 1288 1972 1201 1133 2135 1407 1865 1726 1725 1513 1011 1666 922 1169 1674 1233 1451 1346 1256 1970 980 865 1389 1055 2441 779 972 1364 1093 1934 1253 1399 1813 1464 1654 1765 2038 866 1852 1181 1519 1279 837 1533 892 1801 3407 1040 1630 1220 1466 822 1234 956 1281 1371 764 1328 1306 854 1487 1456 1103 857 1063 1287 808 573 785 1202 1190 992 
4153 3523 1083 1613 695 1621 1129 1324 1110 1937 1197 808 1820 1049 1385 1337 1242 1237 1529 1222 1936 1547 1281 1162 1435 1171 781 1556 1595 1917 1557 1459 974 1148 1596 2112 1356 1123 1105 1269 976 1066 2137 1900 977 1614 2015 1978 789 1383 1456 1179 1584 1148 1325 1681 1153 1260 1666 932 1328 1323 1192 2079 1253 2211 1483 1304 1447 833 1333 945 1733 1696 788 837 2680 1831 1411 1433 861 1559 1646 1326 1264 1012 949 1318 1466 1674 717 1158 1782 892 711 856 973 1112 841 849 
4858 1870 1153 970 978 1162 1396 1092 1541 1366 1064 1076 1892 1947 975 1918 1270 1304 1273 1502 1240 1589 1083 1372 1097 2101 1410 1296 1287 1264 1131 1262 1304 1281 1391 800 1301 903 1196 2136 1409 2165 2622 2153 1085 1350 1130 2282 1262 2486 1000 1458 1167 1026 959 1039 1259 1801 1213 1474 1364 1892 1143 1006 1326 1175 974 1507 718 1219 691 1045 1388 966 985 2917 736 909 1438 1273 1875 1716 1582 2177 942 1089 2271 889 1324 1542 1256 1573 800 2309 1237 1319 1255 1228 945 598 
