4868.000143041 0.000000000 
4868.001140352 0.000000000 
4868.002142498 0.000000000 
4868.003143836 0.000000000 
4868.004114423 0.000000000 
4868.005144119 0.000000000 
4868.006139345 0.000000000 
4868.007139631 0.000000000 
4868.008143572 0.000000000 
4868.009110314 0.000000000 
4868.010140351 0.000000000 
4868.011140283 0.000000000 
4868.012140505 0.000000000 
4868.013093988 0.000000000 
4868.014140060 0.000000000 
4868.015118220 0.000000000 
4868.016172750 0.000000000 
4868.017178592 0.000000000 
4868.018180699 0.000000000 
4868.019180463 0.000000000 
4868.020180080 0.000000000 
4868.021180091 0.000000000 
4868.022183049 0.000000000 
4868.023178845 0.000000000 
4868.024175857 0.000000000 
4868.025151119 0.000000000 
4868.026151293 0.000000000 
4868.027151656 0.000000000 
4868.028148752 0.000000000 
4868.029151046 0.000000000 
4868.030057619 0.000000000 
4868.031151845 0.000000000 
4868.032151727 0.000000000 
4868.033151281 0.000000000 
4868.034151097 0.000000000 
4868.035151568 0.000000000 
4868.036151211 0.000000000 
4868.037176382 0.000000000 
4868.038176546 0.000000000 
4868.039176606 0.000000000 
4868.040153357 0.000000000 
4868.041153531 0.000000000 
4868.042154818 0.000000000 
4868.043154793 0.000000000 
4868.044155068 0.000000000 
4868.045150277 0.000000000 
4868.046150578 0.000000000 
4868.047150682 0.000000000 
4868.048150527 0.000000000 
4868.049150881 0.000000000 
4868.050155380 0.000000000 
4868.051154951 0.000000000 
4868.052154060 0.000000000 
4868.053174559 0.000000000 
4868.054175182 0.000000000 
4868.055154525 0.000000000 
4868.056133757 0.000000000 
4868.057151362 0.000000000 
4868.058057562 0.000000000 
4868.059151478 0.000000000 
4868.060150762 0.000000000 
4868.061150909 0.000000000 
4868.062150862 0.000000000 
4868.063151113 0.000000000 
4868.064151569 0.000000000 
4868.065151213 0.000000000 
4868.066099824 0.000000000 
4868.067177055 0.000000000 
4868.068150784 0.000000000 
4868.069151038 0.000000000 
4868.070153236 0.000000000 
4868.071154635 0.000000000 
4868.072154688 0.000000000 
4868.073155079 0.000000000 
4868.074154964 0.000000000 
4868.075150981 0.000000000 
4868.076012298 0.000000000 
4868.077115419 0.000000000 
4868.078130236 0.000000000 
4868.079156229 0.000000000 
4868.080155165 0.000000000 
4868.081155206 0.000000000 
4868.082155087 0.000000000 
4868.083150591 0.000000000 
4868.084150823 0.000000000 
4868.085151057 0.000000000 
4868.086151044 0.000000000 
4868.087151154 0.000000000 
4868.088108442 0.000000000 
4868.089152235 0.000000000 
4868.090150695 0.000000000 
4868.091150836 0.000000000 
4868.092151660 0.000000000 
4868.093150916 0.000000000 
4868.094151218 0.000000000 
4868.095151297 0.000000000 
4868.096151754 0.000000000 
4868.097151696 0.000000000 
4868.098151622 0.000000000 
4868.099150885 0.000000000 
4868.100150869 0.000000000 
4868.101150960 0.000000000 
4868.102151022 0.000000000 
4868.103151166 0.000000000 
4868.104152026 0.000000000 
4868.105151597 0.000000000 
4868.106150862 0.000000000 
4868.107175835 0.000000000 
4868.108175896 0.000000000 
4868.109151247 0.000000000 
4868.110153314 0.000000000 
4868.111153601 0.000000000 
4868.112154745 0.000000000 
4868.113155859 0.000000000 
4868.114154387 0.000000000 
4868.115154688 0.000000000 
4868.116150630 0.000000000 
4868.117150707 0.000000000 
4868.118151691 0.000000000 
4868.119150556 0.000000000 
4868.120150974 0.000000000 
4868.121154280 0.000000000 
4868.122154499 0.000000000 
4868.123155005 0.000000000 
4868.124154166 0.000000000 
4868.125154825 0.000000000 
4868.126154787 0.000000000 
4868.127155079 0.000000000 
4868.128101380 0.000000000 
4868.129151642 0.000000000 
4868.130150934 0.000000000 
4868.131151003 0.000000000 
4868.132151041 0.000000000 
4868.133151022 0.000000000 
4868.134151196 0.000000000 
4868.135151630 0.000000000 
4868.136152905 0.000000000 
4868.137150696 0.000000000 
4868.138147493 0.000000000 
4868.139151184 0.000000000 
4868.140151115 0.000000000 
4868.141151218 0.000000000 
4868.142151125 0.000000000 
4868.143152000 0.000000000 
4868.144150679 0.000000000 
4868.145150806 0.000000000 
4868.146146914 0.000000000 
4868.147151125 0.000000000 
4868.148151056 0.000000000 
4868.149151070 0.000000000 
4868.150151333 0.000000000 
4868.151151358 0.000000000 
4868.152150715 0.000000000 
4868.153150839 0.000000000 
4868.154178109 0.000000000 
4868.155156378 0.000000000 
4868.156154987 0.000000000 
4868.157154728 0.000000000 
4868.158055823 0.000000000 
4868.159155957 0.000000000 
4868.160150391 0.000000000 
4868.161150364 0.000000000 
4868.162150492 0.000000000 
4868.163146188 0.000000000 
4868.164150728 0.000000000 
4868.165154940 0.000000000 
4868.166095168 0.000000000 
4868.167155010 0.000000000 
4868.168154563 0.000000000 
4868.169154737 0.000000000 
4868.170154486 0.000000000 
4868.171154898 0.000000000 
4868.172154855 0.000000000 
4868.173154927 0.000000000 
4868.174151260 0.000000000 
4868.175150793 0.000000000 
4868.176150912 0.000000000 
4868.177151273 0.000000000 
4868.178194277 0.000000000 
4868.179151711 0.000000000 
4868.180151265 0.000000000 
4868.181151312 0.000000000 
4868.182150617 0.000000000 
4868.183150876 0.000000000 
4868.184150695 0.000000000 
4868.185150959 0.000000000 
4868.186151072 0.000000000 
4868.187151178 0.000000000 
4868.188150779 0.000000000 
4868.189247632 0.000000000 
4868.190152778 0.000000000 
4868.191150970 0.000000000 
4868.192151567 0.000000000 
4868.193151092 0.000000000 
4868.194151008 0.000000000 
4868.195151339 0.000000000 
4868.196178521 0.000000000 
4868.197153737 0.000000000 
4868.198155689 0.000000000 
4868.199154400 0.000000000 
4868.200154532 0.000000000 
4868.201154767 0.000000000 
4868.202154398 0.000000000 
4868.203154635 0.000000000 
4868.204100938 0.000000000 
4868.205176807 0.000000000 
4868.206179896 0.000000000 
4868.207179328 0.000000000 
4868.208179627 0.000000000 
4868.209179617 0.000000000 
4868.210183335 0.000000000 
4868.211150376 0.000000000 
4868.212150839 0.000000000 
4868.213154151 0.000000000 
4868.214176326 0.000000000 
4868.215174868 0.000000000 
4868.216174547 0.000000000 
4868.217175143 0.000000000 
4868.218177894 0.000000000 
4868.219180095 0.000000000 
4868.220175399 0.000000000 
4868.221179426 0.000000000 
4868.222150903 0.000000000 
4868.223150903 0.000000000 
4868.224151602 0.000000000 
4868.225151348 0.000000000 
4868.226095814 0.000000000 
4868.227151377 0.000000000 
4868.228150774 0.000000000 
4868.229152023 0.000000000 
4868.230150991 0.000000000 
4868.231150925 0.000000000 
4868.232151101 0.000000000 
4868.233151364 0.000000000 
4868.234150815 0.000000000 
4868.235151400 0.000000000 
4868.236150712 0.000000000 
4868.237150809 0.000000000 
4868.238057699 0.000000000 
4868.239151335 0.000000000 
4868.240151276 0.000000000 
4868.241151177 0.000000000 
4868.242151451 0.000000000 
4868.243151349 0.000000000 
4868.244151285 0.000000000 
4868.245152897 0.000000000 
4868.246153417 0.000000000 
4868.247154784 0.000000000 
4868.248179768 0.000000000 
4868.249175664 0.000000000 
4868.250175813 0.000000000 
4868.251179391 0.000000000 
4868.252057215 0.000000000 
4868.253151090 0.000000000 
4868.254150997 0.000000000 
4868.255097588 0.000000000 
4868.256092618 0.000000000 
4868.257089802 0.000000000 
4868.258110507 0.000000000 
4868.259087796 0.000000000 
4868.260090261 0.000000000 
4868.261088050 0.000000000 
4868.262091519 0.000000000 
4868.263089973 0.000000000 
4868.264088445 0.000000000 
4868.265085072 0.000000000 
4868.266085047 0.000000000 
4868.267087746 0.000000000 
4868.268086589 0.000000000 
4868.269086178 0.000000000 
4868.270085619 0.000000000 
4868.271084637 0.000000000 
4868.272088688 0.000000000 
4868.273089052 0.000000000 
4868.274088607 0.000000000 
4868.275086450 0.000000000 
4868.276085017 0.000000000 
4868.277088935 0.000000000 
4868.278085580 0.000000000 
4868.279085862 0.000000000 
4868.280088762 0.000000000 
4868.281087035 0.000000000 
4868.282085266 0.000000000 
4868.283083989 0.000000000 
4868.284087125 0.000000000 
4868.285085356 0.000000000 
4868.286084657 0.000000000 
4868.287086560 0.000000000 
4868.288089410 0.000000000 
4868.289086531 0.000000000 
4868.290083869 0.000000000 
4868.291087840 0.000000000 
4868.292086334 0.000000000 
4868.293088658 0.000000000 
4868.294086593 0.000000000 
4868.295084889 0.000000000 
4868.296088452 0.000000000 
4868.297086542 0.000000000 
4868.298086150 0.000000000 
4868.299087852 0.000000000 
4868.300086056 0.000000000 
4868.301084246 0.000000000 
4868.302086234 0.000000000 
4868.303153407 0.000000000 
4868.304153708 0.000000000 
4868.305153557 0.000000000 
4868.306154469 0.000000000 
4868.307154531 0.000000000 
4868.308154630 0.000000000 
4868.309154756 0.000000000 
4868.310154874 0.000000000 
4868.311155070 0.000000000 
4868.312155049 0.000000000 
4868.313135156 0.000000000 
4868.314155595 0.000000000 
4868.315150544 0.000000000 
4868.316150666 0.000000000 
4868.317045107 0.000000000 
4868.318068710 0.000000000 
4868.319111104 0.000000000 
4868.320109861 0.000000000 
4868.321109712 0.000000000 
4868.322109902 0.000000000 
4868.323109921 0.000000000 
4868.324110113 0.000000000 
4868.325110004 0.000000000 
4868.326110202 0.000000000 
4868.327110393 0.000000000 
4868.328109790 0.000000000 
4868.329109630 0.000000000 
4868.330109852 0.000000000 
4868.331110545 0.000000000 
4868.332110131 0.000000000 
4868.333110052 0.000000000 
4868.334110661 0.000000000 
4868.335110481 0.000000000 
4868.336110135 0.000000000 
4868.337166438 0.000000000 
4868.338112578 0.000000000 
4868.339112539 0.000000000 
4868.340113737 0.000000000 
4868.341113736 0.000000000 
4868.342113854 0.000000000 
4868.343113916 0.000000000 
4868.344113941 0.000000000 
4868.345122933 0.000000000 
4868.346110227 0.000000000 
4868.347110126 0.000000000 
4868.348108947 0.000000000 
4868.349131851 0.000000000 
4868.350110317 0.000000000 
4868.351109574 0.000000000 
4868.352109688 0.000000000 
4868.353109725 0.000000000 
4868.354110001 0.000000000 
4868.355112290 0.000000000 
4868.356110448 0.000000000 
4868.357110304 0.000000000 
4868.358109638 0.000000000 
4868.359110224 0.000000000 
4868.360109856 0.000000000 
4868.361109863 0.000000000 
4868.362110027 0.000000000 
4868.363110089 0.000000000 
4868.364110173 0.000000000 
4868.365110237 0.000000000 
4868.366111063 0.000000000 
4868.367106742 0.000000000 
4868.368109820 0.000000000 
4868.369112146 0.000000000 
4868.370112333 0.000000000 
4868.371113725 0.000000000 
4868.372114637 0.000000000 
4868.373114004 0.000000000 
4868.374109685 0.000000000 
4868.375109923 0.000000000 
4868.376109767 0.000000000 
4868.377110456 0.000000000 
4868.378059285 0.000000000 
4868.379110515 0.000000000 
4868.380110119 0.000000000 
4868.381110248 0.000000000 
4868.382110144 0.000000000 
4868.383109750 0.000000000 
4868.384109943 0.000000000 
4868.385110569 0.000000000 
4868.386110174 0.000000000 
4868.387110088 0.000000000 
4868.388110360 0.000000000 
4868.389078964 0.000000000 
4868.390111884 0.000000000 
4868.391109983 0.000000000 
4868.392109924 0.000000000 
4868.393109972 0.000000000 
4868.394110603 0.000000000 
4868.395110282 0.000000000 
4868.396110263 0.000000000 
4868.397109710 0.000000000 
4868.398114269 0.000000000 
4868.399112429 0.000000000 
4868.400112433 0.000000000 
4868.401113686 0.000000000 
4868.402113742 0.000000000 
4868.403114338 0.000000000 
4868.404113964 0.000000000 
4868.405110166 0.000000000 
4868.406109893 0.000000000 
4868.407109890 0.000000000 
4868.408110104 0.000000000 
4868.409112459 0.000000000 
4868.410110178 0.000000000 
4868.411110286 0.000000000 
4868.412109535 0.000000000 
4868.413109621 0.000000000 
4868.414109849 0.000000000 
4868.415109894 0.000000000 
4868.416109898 0.000000000 
4868.417059527 0.000000000 
4868.418109737 0.000000000 
4868.419110566 0.000000000 
4868.420110369 0.000000000 
4868.421110313 0.000000000 
4868.422110041 0.000000000 
4868.423110500 0.000000000 
4868.424166262 0.000000000 
4868.425110078 0.000000000 
4868.426110290 0.000000000 
4868.427110497 0.000000000 
4868.428110868 0.000000000 
4868.429108757 0.000000000 
4868.430115235 0.000000000 
4868.431112189 0.000000000 
4868.432112512 0.000000000 
4868.433113794 0.000000000 
4868.434113979 0.000000000 
4868.435114588 0.000000000 
4868.436109727 0.000000000 
4868.437109819 0.000000000 
4868.438059612 0.000000000 
4868.439091254 0.000000000 
4868.440111455 0.000000000 
4868.441110474 0.000000000 
4868.442140775 0.000000000 
4868.443110252 0.000000000 
4868.444140162 0.000000000 
4868.445110381 0.000000000 
4868.446140438 0.000000000 
4868.447113557 0.000000000 
4868.448110445 0.000000000 
4868.449110526 0.000000000 
4868.450140657 0.000000000 
4868.451110390 0.000000000 
4868.452140162 0.000000000 
4868.453110531 0.000000000 
4868.454178341 0.000000000 
4868.455100702 0.000000000 
4868.456115842 0.000000000 
4868.457114425 0.000000000 
4868.458112658 0.000000000 
4868.459110432 0.000000000 
4868.460110061 0.000000000 
4868.461109883 0.000000000 
4868.462110032 0.000000000 
4868.463110776 0.000000000 
4868.464111186 0.000000000 
4868.465110520 0.000000000 
4868.466109659 0.000000000 
4868.467080075 0.000000000 
4868.468115266 0.000000000 
4868.469116550 0.000000000 
4868.470113719 0.000000000 
4868.471110296 0.000000000 
4868.472110333 0.000000000 
4868.473110504 0.000000000 
4868.474110190 0.000000000 
4868.475109893 0.000000000 
4868.476109767 0.000000000 
4868.477109908 0.000000000 
4868.478111740 0.000000000 
4868.479059743 0.000000000 
4868.480110373 0.000000000 
4868.481109738 0.000000000 
4868.482140207 0.000000000 
4868.483110284 0.000000000 
4868.484140425 0.000000000 
4868.485110571 0.000000000 
4868.486140550 0.000000000 
4868.487115838 0.000000000 
4868.488113656 0.000000000 
4868.489113253 0.000000000 
4868.490074325 0.000000000 
4868.491114497 0.000000000 
4868.492110096 0.000000000 
4868.493110063 0.000000000 
4868.494110162 0.000000000 
4868.495110393 0.000000000 
4868.496110937 0.000000000 
4868.497109608 0.000000000 
4868.498060724 0.000000000 
4868.499156357 0.000000000 
4868.500044913 0.000000000 
4868.501110950 0.000000000 
4868.502110351 0.000000000 
4868.503110180 0.000000000 
4868.504110323 0.000000000 
4868.505109689 0.000000000 
4868.506109981 0.000000000 
4868.507110080 0.000000000 
4868.508110122 0.000000000 
4868.509110189 0.000000000 
4868.510110552 0.000000000 
4868.511110958 0.000000000 
4868.512091722 0.000000000 
4868.513089950 0.000000000 
4868.514099076 0.000000000 
4868.515084927 0.000000000 
4868.516084718 0.000000000 
4868.517089711 0.000000000 
4868.518090804 0.000000000 
4868.519088951 0.000000000 
4868.520087722 0.000000000 
4868.521087189 0.000000000 
4868.522086544 0.000000000 
4868.523085924 0.000000000 
4868.524085765 0.000000000 
4868.525089443 0.000000000 
4868.526089170 0.000000000 
4868.527089375 0.000000000 
4868.528084497 0.000000000 
4868.529079874 0.000000000 
4868.530298293 0.000000000 
4868.531090465 0.000000000 
4868.532084914 0.000000000 
4868.533089385 0.000000000 
4868.534087660 0.000000000 
4868.535086591 0.000000000 
4868.536086509 0.000000000 
4868.537091925 0.000000000 
4868.538088065 0.000000000 
4868.539085611 0.000000000 
4868.540085116 0.000000000 
4868.541089379 0.000000000 
4868.542088126 0.000000000 
4868.543086566 0.000000000 
4868.544089333 0.000000000 
4868.545087947 0.000000000 
4868.546087352 0.000000000 
4868.547085938 0.000000000 
4868.548084700 0.000000000 
4868.549089186 0.000000000 
4868.550088110 0.000000000 
4868.551086513 0.000000000 
4868.552084609 0.000000000 
4868.553087987 0.000000000 
4868.554086201 0.000000000 
4868.555088411 0.000000000 
4868.556092376 0.000000000 
4868.557090960 0.000000000 
4868.558113778 0.000000000 
4868.559113394 0.000000000 
4868.560113185 0.000000000 
4868.561114716 0.000000000 
4868.562110000 0.000000000 
4868.563110093 0.000000000 
4868.564110224 0.000000000 
4868.565110471 0.000000000 
4868.566109736 0.000000000 
4868.567109857 0.000000000 
4868.568110517 0.000000000 
4868.569109981 0.000000000 
4868.570110110 0.000000000 
4868.571110084 0.000000000 
4868.572110225 0.000000000 
4868.573110851 0.000000000 
4868.574109532 0.000000000 
4868.575109484 0.000000000 
4868.576061363 0.000000000 
4868.577110347 0.000000000 
4868.578081021 0.000000000 
4868.579187991 0.000000000 
4868.580111284 0.000000000 
4868.581140028 0.000000000 
4868.582110198 0.000000000 
4868.583139937 0.000000000 
4868.584112771 0.000000000 
4868.585142473 0.000000000 
4868.586143735 0.000000000 
4868.587143935 0.000000000 
4868.588114239 0.000000000 
4868.589143351 0.000000000 
4868.590088636 0.000000000 
4868.591117237 0.000000000 
4868.592175649 0.000000000 
4868.593175309 0.000000000 
4868.594175766 0.000000000 
4868.595175917 0.000000000 
4868.596179926 0.000000000 
4868.597126348 0.000000000 
4868.598156310 0.000000000 
4868.599179686 0.000000000 
4868.600179765 0.000000000 
4868.601179922 0.000000000 
4868.602155248 0.000000000 
4868.603179963 0.000000000 
4868.604180637 0.000000000 
4868.605200602 0.000000000 
4868.606175388 0.000000000 
4868.607175749 0.000000000 
4868.608175795 0.000000000 
4868.609175896 0.000000000 
4868.610175925 0.000000000 
4868.611176521 0.000000000 
4868.612179960 0.000000000 
4868.613151252 0.000000000 
4868.614176144 0.000000000 
4868.615176261 0.000000000 
4868.616176275 0.000000000 
4868.617176342 0.000000000 
4868.618153637 0.000000000 
4868.619152123 0.000000000 
4868.620176427 0.000000000 
4868.621151609 0.000000000 
4868.622196421 0.000000000 
4868.623176986 0.000000000 
4868.624176780 0.000000000 
4868.625176503 0.000000000 
4868.626176419 0.000000000 
4868.627176683 0.000000000 
4868.628175906 0.000000000 
4868.629151343 0.000000000 
4868.630197055 0.000000000 
4868.631176557 0.000000000 
4868.632176319 0.000000000 
4868.633176415 0.000000000 
4868.634177121 0.000000000 
4868.635176614 0.000000000 
4868.636175982 0.000000000 
4868.637175929 0.000000000 
4868.638149693 0.000000000 
4868.639176682 0.000000000 
4868.640151476 0.000000000 
4868.641176401 0.000000000 
4868.642176483 0.000000000 
4868.643177515 0.000000000 
4868.644196726 0.000000000 
4868.645153564 0.000000000 
4868.646179515 0.000000000 
4868.647180390 0.000000000 
4868.648179764 0.000000000 
4868.649180115 0.000000000 
4868.650176003 0.000000000 
4868.651175724 0.000000000 
4868.652126181 0.000000000 
4868.653179826 0.000000000 
4868.654155140 0.000000000 
4868.655153257 0.000000000 
4868.656179916 0.000000000 
4868.657155994 0.000000000 
4868.658081864 0.000000000 
4868.659181322 0.000000000 
4868.660154923 0.000000000 
4868.661154943 0.000000000 
4868.662154859 0.000000000 
4868.663151155 0.000000000 
4868.664151241 0.000000000 
4868.665150620 0.000000000 
4868.666150554 0.000000000 
4868.667150991 0.000000000 
4868.668179513 0.000000000 
4868.669179643 0.000000000 
4868.670151168 0.000000000 
4868.671151277 0.000000000 
4868.672151378 0.000000000 
4868.673150745 0.000000000 
4868.674150841 0.000000000 
4868.675150846 0.000000000 
4868.676151477 0.000000000 
4868.677152515 0.000000000 
4868.678152869 0.000000000 
4868.679151668 0.000000000 
4868.680150697 0.000000000 
4868.681150739 0.000000000 
4868.682150856 0.000000000 
4868.683176532 0.000000000 
4868.684176188 0.000000000 
4868.685151134 0.000000000 
4868.686151230 0.000000000 
4868.687151326 0.000000000 
4868.688154033 0.000000000 
4868.689248181 0.000000000 
4868.690155987 0.000000000 
4868.691156329 0.000000000 
4868.692155105 0.000000000 
4868.693150837 0.000000000 
4868.694151075 0.000000000 
4868.695150984 0.000000000 
4868.696155148 0.000000000 
4868.697154666 0.000000000 
4868.698156516 0.000000000 
4868.699155050 0.000000000 
4868.700154872 0.000000000 
4868.701101023 0.000000000 
4868.702180612 0.000000000 
4868.703155168 0.000000000 
4868.704107861 0.000000000 
4868.705113424 0.000000000 
4868.706110300 0.000000000 
4868.707140328 0.000000000 
4868.708110514 0.000000000 
4868.709140684 0.000000000 
4868.710110658 0.000000000 
4868.711140128 0.000000000 
4868.712140212 0.000000000 
4868.713113605 0.000000000 
4868.714140061 0.000000000 
4868.715140135 0.000000000 
4868.716140427 0.000000000 
4868.717140286 0.000000000 
4868.718108598 0.000000000 
4868.719139751 0.000000000 
4868.720110599 0.000000000 
4868.721139953 0.000000000 
4868.722139979 0.000000000 
4868.723140170 0.000000000 
4868.724110517 0.000000000 
4868.725142972 0.000000000 
4868.726143759 0.000000000 
4868.727143538 0.000000000 
4868.728113954 0.000000000 
4868.729143859 0.000000000 
4868.730112197 0.000000000 
4868.731139911 0.000000000 
4868.732140049 0.000000000 
4868.733140073 0.000000000 
4868.734143394 0.000000000 
4868.735143691 0.000000000 
4868.736143688 0.000000000 
4868.737143750 0.000000000 
4868.738108299 0.000000000 
4868.739140343 0.000000000 
4868.740140545 0.000000000 
4868.741140631 0.000000000 
4868.742140002 0.000000000 
4868.743118623 0.000000000 
4868.744179863 0.000000000 
4868.745180402 0.000000000 
4868.746201402 0.000000000 
4868.747200844 0.000000000 
4868.748176539 0.000000000 
4868.749176693 0.000000000 
4868.750176744 0.000000000 
4868.751175992 0.000000000 
4868.752176134 0.000000000 
4868.753176236 0.000000000 
4868.754176438 0.000000000 
4868.755046676 0.000000000 
4868.756110930 0.000000000 
4868.757056280 0.000000000 
4868.758111022 0.000000000 
4868.759110395 0.000000000 
4868.760109919 0.000000000 
4868.761109866 0.000000000 
4868.762110620 0.000000000 
4868.763110482 0.000000000 
4868.764093571 0.000000000 
4868.765109693 0.000000000 
4868.766111858 0.000000000 
4868.767112023 0.000000000 
4868.768092594 0.000000000 
4868.769093670 0.000000000 
4868.770094990 0.000000000 
4868.771088694 0.000000000 
4868.772091752 0.000000000 
4868.773090336 0.000000000 
4868.774100599 0.000000000 
4868.775057248 0.000000000 
4868.776087500 0.000000000 
4868.777088374 0.000000000 
4868.778089752 0.000000000 
4868.779088746 0.000000000 
4868.780088615 0.000000000 
4868.781088538 0.000000000 
4868.782089150 0.000000000 
4868.783085279 0.000000000 
4868.784085175 0.000000000 
4868.785085806 0.000000000 
4868.786086803 0.000000000 
4868.787087805 0.000000000 
4868.788087707 0.000000000 
4868.789088158 0.000000000 
4868.790099067 0.000000000 
4868.791086892 0.000000000 
4868.792086104 0.000000000 
4868.793086634 0.000000000 
4868.794087112 0.000000000 
4868.795088136 0.000000000 
4868.796088459 0.000000000 
4868.797088703 0.000000000 
4868.798086111 0.000000000 
4868.799085198 0.000000000 
4868.800085423 0.000000000 
4868.801086285 0.000000000 
4868.802086431 0.000000000 
4868.803087230 0.000000000 
4868.804086345 0.000000000 
4868.805085856 0.000000000 
4868.806085811 0.000000000 
4868.811305754 0.000000000 
4868.811310687 0.000000000 
4868.811313342 0.000000000 
4868.811315628 0.000000000 
4868.811317891 0.000000000 
4868.812101664 0.000000000 
4868.813105292 0.000000000 
4868.814087354 0.000000000 
4868.815106179 0.000000000 
4868.816110828 0.000000000 
4868.817110656 0.000000000 
4868.818073702 0.000000000 
4868.819110261 0.000000000 
4868.820109524 0.000000000 
4868.821109594 0.000000000 
4868.822109798 0.000000000 
4868.823111532 0.000000000 
4868.824112097 0.000000000 
4868.825112413 0.000000000 
4868.826112914 0.000000000 
4868.827113147 0.000000000 
4868.828113296 0.000000000 
4868.829113357 0.000000000 
4868.830114851 0.000000000 
4868.831079658 0.000000000 
4868.832152050 0.000000000 
4868.833058498 0.000000000 
4868.834093331 0.000000000 
4868.835153283 0.000000000 
4868.836151157 0.000000000 
4868.837151180 0.000000000 
4868.838085430 0.000000000 
4868.839111613 0.000000000 
4868.840110487 0.000000000 
4868.841112656 0.000000000 
4868.842113220 0.000000000 
4868.843253313 0.000000000 
4868.844114149 0.000000000 
4868.845114335 0.000000000 
4868.846113684 0.000000000 
4868.847113838 0.000000000 
4868.848110285 0.000000000 
4868.849109772 0.000000000 
4868.850109961 0.000000000 
4868.851109791 0.000000000 
4868.852057612 0.000000000 
4868.853110763 0.000000000 
4868.854110719 0.000000000 
4868.855130536 0.000000000 
4868.856110836 0.000000000 
4868.857109622 0.000000000 
4868.858110977 0.000000000 
4868.859110706 0.000000000 
4868.860110203 0.000000000 
4868.861110222 0.000000000 
4868.862110279 0.000000000 
4868.863110396 0.000000000 
4868.864390055 0.000000000 
4868.865110333 0.000000000 
4868.866109724 0.000000000 
4868.867109708 0.000000000 
4868.868112883 0.000000000 
4868.869110935 0.000000000 
4868.870110164 0.000000000 
4868.871124007 0.000000000 
4868.872109861 0.000000000 
4868.873109524 0.000000000 
4868.874110055 0.000000000 
4868.875109777 0.000000000 
4868.876109924 0.000000000 
4868.877112133 0.000000000 
4868.878115900 0.000000000 
4868.879113866 0.000000000 
4868.880117065 0.000000000 
4868.881113468 0.000000000 
4868.882113382 0.000000000 
4868.883109700 0.000000000 
4868.884109860 0.000000000 
4868.885109991 0.000000000 
4868.886110046 0.000000000 
4868.887110270 0.000000000 
4868.888109437 0.000000000 
4868.889109534 0.000000000 
4868.890109525 0.000000000 
4868.891113456 0.000000000 
4868.892110584 0.000000000 
4868.893109976 0.000000000 
4868.894110295 0.000000000 
4868.895112949 0.000000000 
4868.896110200 0.000000000 
4868.897109506 0.000000000 
4868.898060770 0.000000000 
4868.899140298 0.000000000 
4868.900140317 0.000000000 
4868.901409450 0.000000000 
4868.902112108 0.000000000 
4868.903114809 0.000000000 
4868.904152373 0.000000000 
4868.905182352 0.000000000 
4868.906181159 0.000000000 
4868.907181183 0.000000000 
4868.908176600 0.000000000 
4868.909178988 0.000000000 
4868.910179129 0.000000000 
4868.911154430 0.000000000 
4868.912154494 0.000000000 
4868.913179484 0.000000000 
4868.914147085 0.000000000 
4868.915150682 0.000000000 
4868.916150870 0.000000000 
4868.917098008 0.000000000 
4868.918154230 0.000000000 
4868.919150915 0.000000000 
4868.920154429 0.000000000 
4868.921154523 0.000000000 
4868.922154512 0.000000000 
4868.923154608 0.000000000 
4868.924154946 0.000000000 
4868.925093790 0.000000000 
4868.926154722 0.000000000 
4868.927154677 0.000000000 
4868.928154754 0.000000000 
4868.929151087 0.000000000 
4868.930147093 0.000000000 
4868.931151251 0.000000000 
4868.932103794 0.000000000 
4868.933151439 0.000000000 
4868.934150981 0.000000000 
4868.935151017 0.000000000 
4868.936151082 0.000000000 
4868.937151984 0.000000000 
4868.938116877 0.000000000 
4868.939113549 0.000000000 
4868.940113315 0.000000000 
4868.941112571 0.000000000 
4868.942112725 0.000000000 
4868.943136406 0.000000000 
4868.944113548 0.000000000 
4868.945113157 0.000000000 
4868.946115489 0.000000000 
4868.947115536 0.000000000 
4868.948115616 0.000000000 
4868.949116342 0.000000000 
4868.950116448 0.000000000 
4868.951116512 0.000000000 
4868.952116743 0.000000000 
4868.953116733 0.000000000 
4868.954154917 0.000000000 
4868.955111434 0.000000000 
4868.956111713 0.000000000 
4868.957109567 0.000000000 
4868.958090986 0.000000000 
4868.959109825 0.000000000 
4868.960109908 0.000000000 
4868.961110132 0.000000000 
4868.962110714 0.000000000 
4868.963110263 0.000000000 
4868.964110418 0.000000000 
4868.965110226 0.000000000 
4868.966110412 0.000000000 
4868.967109808 0.000000000 
4868.968035878 0.000000000 
4868.969110410 0.000000000 
4868.970110195 0.000000000 
4868.971110334 0.000000000 
4868.972109448 0.000000000 
4868.973109723 0.000000000 
4868.974112239 0.000000000 
4868.975113899 0.000000000 
4868.976113632 0.000000000 
4868.977113576 0.000000000 
4868.978107796 0.000000000 
4868.979110128 0.000000000 
4868.980057986 0.000000000 
4868.981110454 0.000000000 
4868.982110053 0.000000000 
4868.983110160 0.000000000 
4868.984110352 0.000000000 
4868.985155781 0.000000000 
4868.986057743 0.000000000 
4868.987110642 0.000000000 
4868.988110204 0.000000000 
4868.989112019 0.000000000 
4868.990112048 0.000000000 
4868.991056586 0.000000000 
4868.992113937 0.000000000 
4868.993113748 0.000000000 
4868.994113638 0.000000000 
4868.995109705 0.000000000 
4868.996109564 0.000000000 
4868.997034610 0.000000000 
4868.998110832 0.000000000 
4868.999110288 0.000000000 
4869.000060798 0.000000000 
4869.001140604 0.000000000 
4869.002140888 0.000000000 
4869.003140117 0.000000000 
4869.004140386 0.000000000 
4869.005140174 0.000000000 
4869.006140388 0.000000000 
4869.007140477 0.000000000 
4869.008140676 0.000000000 
4869.009140621 0.000000000 
4869.010140055 0.000000000 
4869.011140208 0.000000000 
4869.012140262 0.000000000 
4869.013140470 0.000000000 
4869.014110456 0.000000000 
4869.015140623 0.000000000 
4869.016118544 0.000000000 
4869.017152694 0.000000000 
4869.018153231 0.000000000 
4869.019150958 0.000000000 
4869.020176252 0.000000000 
4869.021178209 0.000000000 
4869.022178230 0.000000000 
4869.023155058 0.000000000 
4869.024089173 0.000000000 
4869.025090939 0.000000000 
4869.026089241 0.000000000 
4869.027087206 0.000000000 
4869.028089753 0.000000000 
4869.029106375 0.000000000 
4869.030091438 0.000000000 
4869.031092474 0.000000000 
4869.032088655 0.000000000 
4869.033090583 0.000000000 
4869.034088059 0.000000000 
4869.035085281 0.000000000 
4869.036086519 0.000000000 
4869.037087345 0.000000000 
4869.038086704 0.000000000 
4869.039086067 0.000000000 
4869.040086008 0.000000000 
4869.041086323 0.000000000 
4869.042086716 0.000000000 
4869.043087053 0.000000000 
4869.044086256 0.000000000 
4869.045085975 0.000000000 
4869.046086812 0.000000000 
4869.047088833 0.000000000 
4869.048088353 0.000000000 
4869.049083883 0.000000000 
4869.050084070 0.000000000 
4869.051089385 0.000000000 
4869.052084634 0.000000000 
4869.053088592 0.000000000 
4869.054088795 0.000000000 
4869.055086732 0.000000000 
4869.056085239 0.000000000 
4869.057084103 0.000000000 
4869.058088497 0.000000000 
4869.059088480 0.000000000 
4869.060087570 0.000000000 
4869.061086331 0.000000000 
4869.062089421 0.000000000 
4869.063088542 0.000000000 
4869.064095460 0.000000000 
4869.065087743 0.000000000 
4869.066086240 0.000000000 
4869.067085973 0.000000000 
4869.068085707 0.000000000 
4869.069085330 0.000000000 
4869.070089003 0.000000000 
4869.071132887 0.000000000 
4869.072150594 0.000000000 
4869.073150866 0.000000000 
4869.074150960 0.000000000 
4869.075151036 0.000000000 
4869.076024958 0.000000000 
4869.077152383 0.000000000 
4869.078057862 0.000000000 
4869.079151912 0.000000000 
4869.080197337 0.000000000 
4869.081151698 0.000000000 
4869.082151092 0.000000000 
4869.083151080 0.000000000 
4869.084151346 0.000000000 
4869.085153517 0.000000000 
4869.086153371 0.000000000 
4869.087153860 0.000000000 
4869.088154520 0.000000000 
4869.089154589 0.000000000 
4869.090155491 0.000000000 
4869.091101452 0.000000000 
4869.092155359 0.000000000 
4869.093155113 0.000000000 
4869.094150424 0.000000000 
4869.095150585 0.000000000 
4869.096150428 0.000000000 
4869.097167130 0.000000000 
4869.098151067 0.000000000 
4869.099150866 0.000000000 
4869.100150836 0.000000000 
4869.101151674 0.000000000 
4869.102154440 0.000000000 
4869.103154649 0.000000000 
4869.104154542 0.000000000 
4869.105154567 0.000000000 
4869.106154639 0.000000000 
4869.107157060 0.000000000 
4869.108180480 0.000000000 
4869.109180067 0.000000000 
4869.110174290 0.000000000 
4869.111174481 0.000000000 
4869.112175005 0.000000000 
4869.113179897 0.000000000 
4869.114180156 0.000000000 
4869.115180348 0.000000000 
4869.116180510 0.000000000 
4869.117180061 0.000000000 
4869.118151466 0.000000000 
4869.119151585 0.000000000 
4869.120150961 0.000000000 
4869.121151044 0.000000000 
4869.122151219 0.000000000 
4869.123151141 0.000000000 
4869.124151235 0.000000000 
4869.125150614 0.000000000 
4869.126163261 0.000000000 
4869.127176110 0.000000000 
4869.128176573 0.000000000 
4869.129176099 0.000000000 
4869.130194722 0.000000000 
4869.131177811 0.000000000 
4869.132176320 0.000000000 
4869.133175588 0.000000000 
4869.134175912 0.000000000 
4869.135176228 0.000000000 
4869.136176109 0.000000000 
4869.137094632 0.000000000 
4869.138147890 0.000000000 
4869.139151309 0.000000000 
4869.140151399 0.000000000 
4869.141150863 0.000000000 
4869.142153116 0.000000000 
4869.143153195 0.000000000 
4869.144154643 0.000000000 
4869.145154768 0.000000000 
4869.146155557 0.000000000 
4869.147154831 0.000000000 
4869.148154386 0.000000000 
4869.149154584 0.000000000 
4869.150150968 0.000000000 
4869.151150701 0.000000000 
4869.152154575 0.000000000 
4869.153154778 0.000000000 
4869.154154733 0.000000000 
4869.155057533 0.000000000 
4869.156150924 0.000000000 
4869.157151363 0.000000000 
4869.158056499 0.000000000 
4869.159151722 0.000000000 
4869.160151320 0.000000000 
4869.161151229 0.000000000 
4869.162151415 0.000000000 
4869.163151626 0.000000000 
4869.164150873 0.000000000 
4869.165153027 0.000000000 
4869.166153316 0.000000000 
4869.167153478 0.000000000 
4869.168153572 0.000000000 
4869.169155335 0.000000000 
4869.170155016 0.000000000 
4869.171154517 0.000000000 
4869.172154647 0.000000000 
4869.173150546 0.000000000 
4869.174150600 0.000000000 
4869.175150652 0.000000000 
4869.176150881 0.000000000 
4869.177150997 0.000000000 
4869.178151941 0.000000000 
4869.179154417 0.000000000 
4869.180154436 0.000000000 
4869.181155511 0.000000000 
4869.182154747 0.000000000 
4869.183154493 0.000000000 
4869.184154979 0.000000000 
4869.185151245 0.000000000 
4869.186152080 0.000000000 
4869.187150789 0.000000000 
4869.188151006 0.000000000 
4869.189289882 0.000000000 
4869.190152484 0.000000000 
4869.191151415 0.000000000 
4869.192151931 0.000000000 
4869.193152017 0.000000000 
4869.194150675 0.000000000 
4869.195150787 0.000000000 
4869.196150899 0.000000000 
4869.197151053 0.000000000 
4869.198148218 0.000000000 
4869.199151447 0.000000000 
4869.200151446 0.000000000 
4869.201151332 0.000000000 
4869.202150783 0.000000000 
4869.203150784 0.000000000 
4869.204101467 0.000000000 
4869.205176418 0.000000000 
4869.206176064 0.000000000 
4869.207176474 0.000000000 
4869.208176406 0.000000000 
4869.209177781 0.000000000 
4869.210177752 0.000000000 
4869.211179031 0.000000000 
4869.212179942 0.000000000 
4869.213180398 0.000000000 
4869.214189380 0.000000000 
4869.215179859 0.000000000 
4869.216180354 0.000000000 
4869.217180306 0.000000000 
4869.218055596 0.000000000 
4869.219176304 0.000000000 
4869.220179522 0.000000000 
4869.221180016 0.000000000 
4869.222180250 0.000000000 
4869.223191944 0.000000000 
4869.224180043 0.000000000 
4869.225175333 0.000000000 
4869.226175521 0.000000000 
4869.227154647 0.000000000 
4869.228047429 0.000000000 
4869.229149754 0.000000000 
4869.230113693 0.000000000 
4869.231116825 0.000000000 
4869.232110956 0.000000000 
4869.233110133 0.000000000 
4869.234109812 0.000000000 
4869.235110006 0.000000000 
4869.236140357 0.000000000 
4869.237165986 0.000000000 
4869.238113017 0.000000000 
4869.239110704 0.000000000 
4869.240109654 0.000000000 
4869.241140157 0.000000000 
4869.242110403 0.000000000 
4869.243140274 0.000000000 
4869.244110582 0.000000000 
4869.245110224 0.000000000 
4869.246110341 0.000000000 
4869.247140769 0.000000000 
4869.248110360 0.000000000 
4869.249140275 0.000000000 
4869.250140273 0.000000000 
4869.251112729 0.000000000 
4869.252142803 0.000000000 
4869.253144005 0.000000000 
4869.254144266 0.000000000 
4869.255114618 0.000000000 
4869.256120391 0.000000000 
4869.257113395 0.000000000 
4869.258097675 0.000000000 
4869.259110849 0.000000000 
4869.260110569 0.000000000 
4869.261110131 0.000000000 
4869.262110207 0.000000000 
4869.263110234 0.000000000 
4869.264109934 0.000000000 
4869.265109912 0.000000000 
4869.266140198 0.000000000 
4869.267110591 0.000000000 
4869.268140674 0.000000000 
4869.269107780 0.000000000 
4869.270110460 0.000000000 
4869.271140137 0.000000000 
4869.272110380 0.000000000 
4869.273140341 0.000000000 
4869.274140765 0.000000000 
4869.275110613 0.000000000 
4869.276140564 0.000000000 
4869.277140696 0.000000000 
4869.278074632 0.000000000 
4869.279113040 0.000000000 
4869.280095796 0.000000000 
4869.281090010 0.000000000 
4869.282091510 0.000000000 
4869.283089471 0.000000000 
4869.284098322 0.000000000 
4869.285085548 0.000000000 
4869.286086840 0.000000000 
4869.287087872 0.000000000 
4869.288089087 0.000000000 
4869.289056130 0.000000000 
4869.290085182 0.000000000 
4869.291055912 0.000000000 
4869.292152671 0.000000000 
4869.293089166 0.000000000 
4869.294088972 0.000000000 
4869.295084814 0.000000000 
4869.296055395 0.000000000 
4869.297185061 0.000000000 
4869.298089586 0.000000000 
4869.299089222 0.000000000 
4869.300089707 0.000000000 
4869.301085202 0.000000000 
4869.302085787 0.000000000 
4869.303085582 0.000000000 
4869.304086126 0.000000000 
4869.305087057 0.000000000 
4869.306088029 0.000000000 
4869.307088477 0.000000000 
4869.308088417 0.000000000 
4869.309084255 0.000000000 
4869.310086150 0.000000000 
4869.311087171 0.000000000 
4869.312087418 0.000000000 
4869.313089323 0.000000000 
4869.314084752 0.000000000 
4869.315085135 0.000000000 
4869.316086990 0.000000000 
4869.317086611 0.000000000 
4869.318088308 0.000000000 
4869.319212235 0.000000000 
4869.320088000 0.000000000 
4869.321087488 0.000000000 
4869.322087157 0.000000000 
4869.323087798 0.000000000 
4869.324088588 0.000000000 
4869.325110894 0.000000000 
4869.326109732 0.000000000 
4869.327109751 0.000000000 
4869.328110113 0.000000000 
4869.329110115 0.000000000 
4869.330110104 0.000000000 
4869.331057140 0.000000000 
4869.332109902 0.000000000 
4869.333109788 0.000000000 
4869.334112791 0.000000000 
4869.335113345 0.000000000 
4869.336113392 0.000000000 
4869.337113581 0.000000000 
4869.338115356 0.000000000 
4869.339113907 0.000000000 
4869.340113197 0.000000000 
4869.341109542 0.000000000 
4869.342109826 0.000000000 
4869.343109825 0.000000000 
4869.344109812 0.000000000 
4869.345110026 0.000000000 
4869.346110180 0.000000000 
4869.347110104 0.000000000 
4869.348109675 0.000000000 
4869.349109566 0.000000000 
4869.350110678 0.000000000 
4869.351109757 0.000000000 
4869.352109826 0.000000000 
4869.353110086 0.000000000 
4869.354110131 0.000000000 
4869.355110535 0.000000000 
4869.356110103 0.000000000 
4869.357109714 0.000000000 
4869.358060507 0.000000000 
4869.359140428 0.000000000 
4869.360140540 0.000000000 
4869.361140472 0.000000000 
4869.362140063 0.000000000 
4869.363139945 0.000000000 
4869.364140202 0.000000000 
4869.365113107 0.000000000 
4869.366110506 0.000000000 
4869.367109925 0.000000000 
4869.368140366 0.000000000 
4869.369113523 0.000000000 
4869.370142135 0.000000000 
4869.371142282 0.000000000 
4869.372142976 0.000000000 
4869.373143727 0.000000000 
4869.374143973 0.000000000 
4869.375144024 0.000000000 
4869.376110639 0.000000000 
4869.377140059 0.000000000 
4869.378106443 0.000000000 
4869.379143590 0.000000000 
4869.380113347 0.000000000 
4869.381113804 0.000000000 
4869.382140330 0.000000000 
4869.383140463 0.000000000 
4869.384140605 0.000000000 
4869.385140677 0.000000000 
4869.386140076 0.000000000 
4869.387140063 0.000000000 
4869.388140193 0.000000000 
4869.389140295 0.000000000 
4869.390140421 0.000000000 
4869.391140488 0.000000000 
4869.392092181 0.000000000 
4869.393140914 0.000000000 
4869.394140211 0.000000000 
4869.395140204 0.000000000 
4869.396140167 0.000000000 
4869.397049527 0.000000000 
4869.398113101 0.000000000 
4869.399110675 0.000000000 
4869.400140578 0.000000000 
4869.401110346 0.000000000 
4869.402139931 0.000000000 
4869.403140153 0.000000000 
4869.404110572 0.000000000 
4869.405140207 0.000000000 
4869.406140487 0.000000000 
4869.407140503 0.000000000 
4869.408113064 0.000000000 
4869.409142331 0.000000000 
4869.410382761 0.000000000 
4869.411114539 0.000000000 
4869.412113713 0.000000000 
4869.413114393 0.000000000 
4869.414110053 0.000000000 
4869.415110362 0.000000000 
4869.416110818 0.000000000 
4869.417109739 0.000000000 
4869.418110899 0.000000000 
4869.419040724 0.000000000 
4869.420056369 0.000000000 
4869.421110239 0.000000000 
4869.422110133 0.000000000 
4869.423110222 0.000000000 
4869.424109423 0.000000000 
4869.425109681 0.000000000 
4869.426112063 0.000000000 
4869.427112898 0.000000000 
4869.428112117 0.000000000 
4869.429112820 0.000000000 
4869.430113709 0.000000000 
4869.431057982 0.000000000 
4869.432113797 0.000000000 
4869.433113451 0.000000000 
4869.434113585 0.000000000 
4869.435114055 0.000000000 
4869.436113591 0.000000000 
4869.437109979 0.000000000 
4869.438117160 0.000000000 
4869.439111111 0.000000000 
4869.440109590 0.000000000 
4869.441113197 0.000000000 
4869.442109908 0.000000000 
4869.443110073 0.000000000 
4869.444109992 0.000000000 
4869.445110141 0.000000000 
4869.446110373 0.000000000 
4869.447109574 0.000000000 
4869.448110340 0.000000000 
4869.449109941 0.000000000 
4869.450109780 0.000000000 
4869.451110019 0.000000000 
4869.452110226 0.000000000 
4869.453110290 0.000000000 
4869.454144878 0.000000000 
4869.455107533 0.000000000 
4869.456111984 0.000000000 
4869.457111975 0.000000000 
4869.458055570 0.000000000 
4869.459114906 0.000000000 
4869.460113810 0.000000000 
4869.461114004 0.000000000 
4869.462114086 0.000000000 
4869.463109808 0.000000000 
4869.464109946 0.000000000 
4869.465109900 0.000000000 
4869.466110498 0.000000000 
4869.467110038 0.000000000 
4869.468110247 0.000000000 
4869.469120014 0.000000000 
4869.470109705 0.000000000 
4869.471116178 0.000000000 
4869.472156125 0.000000000 
4869.473151132 0.000000000 
4869.474151036 0.000000000 
4869.475151213 0.000000000 
4869.476151297 0.000000000 
4869.477151376 0.000000000 
4869.478152534 0.000000000 
4869.479150955 0.000000000 
4869.480150934 0.000000000 
4869.481146825 0.000000000 
4869.482150757 0.000000000 
4869.483151096 0.000000000 
4869.484176263 0.000000000 
4869.485176473 0.000000000 
4869.486150707 0.000000000 
4869.487150933 0.000000000 
4869.488151094 0.000000000 
4869.489151005 0.000000000 
4869.490151174 0.000000000 
4869.491151110 0.000000000 
4869.492151346 0.000000000 
4869.493152478 0.000000000 
4869.494150897 0.000000000 
4869.495151004 0.000000000 
4869.496150998 0.000000000 
4869.497151278 0.000000000 
4869.498152993 0.000000000 
4869.499153912 0.000000000 
4869.500154333 0.000000000 
4869.501154200 0.000000000 
4869.502154434 0.000000000 
4869.503150406 0.000000000 
4869.504150746 0.000000000 
4869.505150684 0.000000000 
4869.506176038 0.000000000 
4869.507176876 0.000000000 
4869.508176061 0.000000000 
4869.509154555 0.000000000 
4869.510154362 0.000000000 
4869.511154672 0.000000000 
4869.512154611 0.000000000 
4869.513155300 0.000000000 
4869.514151249 0.000000000 
4869.515153113 0.000000000 
4869.516150678 0.000000000 
4869.517150907 0.000000000 
4869.518148760 0.000000000 
4869.519151156 0.000000000 
4869.520179688 0.000000000 
4869.521151336 0.000000000 
4869.522151079 0.000000000 
4869.523150366 0.000000000 
4869.524150816 0.000000000 
4869.525150623 0.000000000 
4869.526150937 0.000000000 
4869.527151084 0.000000000 
4869.528151041 0.000000000 
4869.529151197 0.000000000 
4869.530151501 0.000000000 
4869.531091776 0.000000000 
4869.532147418 0.000000000 
4869.533150776 0.000000000 
4869.534153207 0.000000000 
4869.535153469 0.000000000 
4869.536096503 0.000000000 
4869.537089255 0.000000000 
4869.538058283 0.000000000 
4869.539091487 0.000000000 
4869.540088301 0.000000000 
4869.541090459 0.000000000 
4869.542087201 0.000000000 
4869.543089296 0.000000000 
4869.544091277 0.000000000 
4869.545089464 0.000000000 
4869.546084663 0.000000000 
4869.547084779 0.000000000 
4869.548085128 0.000000000 
4869.549085507 0.000000000 
4869.550085848 0.000000000 
4869.551085156 0.000000000 
4869.552086134 0.000000000 
4869.553086063 0.000000000 
4869.554086385 0.000000000 
4869.555055781 0.000000000 
4869.556088259 0.000000000 
4869.557088396 0.000000000 
4869.558013292 0.000000000 
4869.559086961 0.000000000 
4869.560085502 0.000000000 
4869.561085153 0.000000000 
4869.562205550 0.000000000 
4869.563086438 0.000000000 
4869.564085814 0.000000000 
4869.565084697 0.000000000 
4869.566084266 0.000000000 
4869.567088833 0.000000000 
4869.568089294 0.000000000 
4869.569088673 0.000000000 
4869.570089111 0.000000000 
4869.571088182 0.000000000 
4869.572087570 0.000000000 
4869.573087522 0.000000000 
4869.574086152 0.000000000 
4869.575085549 0.000000000 
4869.576055706 0.000000000 
4869.577100673 0.000000000 
4869.578088988 0.000000000 
4869.579087277 0.000000000 
4869.580086239 0.000000000 
4869.581099661 0.000000000 
4869.582134339 0.000000000 
4869.583151290 0.000000000 
4869.584151361 0.000000000 
4869.585150669 0.000000000 
4869.586150760 0.000000000 
4869.587150871 0.000000000 
4869.588150946 0.000000000 
4869.589151130 0.000000000 
4869.590153450 0.000000000 
4869.591154036 0.000000000 
4869.592232324 0.000000000 
4869.593118767 0.000000000 
4869.594116635 0.000000000 
4869.595116684 0.000000000 
4869.596113445 0.000000000 
4869.597113086 0.000000000 
4869.598112262 0.000000000 
4869.599110514 0.000000000 
4869.600109781 0.000000000 
4869.601109808 0.000000000 
4869.602109732 0.000000000 
4869.603109868 0.000000000 
4869.604110544 0.000000000 
4869.605110145 0.000000000 
4869.606110191 0.000000000 
4869.607110125 0.000000000 
4869.608110975 0.000000000 
4869.609109924 0.000000000 
4869.610110373 0.000000000 
4869.611109890 0.000000000 
4869.612110962 0.000000000 
4869.613060671 0.000000000 
4869.614144078 0.000000000 
4869.615144381 0.000000000 
4869.616143527 0.000000000 
4869.617143683 0.000000000 
4869.618111831 0.000000000 
4869.619113661 0.000000000 
4869.620110013 0.000000000 
4869.621110154 0.000000000 
4869.622110301 0.000000000 
4869.623112668 0.000000000 
4869.624110146 0.000000000 
4869.625109677 0.000000000 
4869.626122869 0.000000000 
4869.627111140 0.000000000 
4869.628110142 0.000000000 
4869.629110104 0.000000000 
4869.630110270 0.000000000 
4869.631109458 0.000000000 
4869.632087317 0.000000000 
4869.633111151 0.000000000 
4869.634110201 0.000000000 
4869.635110018 0.000000000 
4869.636059516 0.000000000 
4869.637113930 0.000000000 
4869.638127244 0.000000000 
4869.639093862 0.000000000 
4869.640156065 0.000000000 
4869.641114129 0.000000000 
4869.642113756 0.000000000 
4869.643116826 0.000000000 
4869.644119000 0.000000000 
4869.645115988 0.000000000 
4869.646114565 0.000000000 
4869.647118100 0.000000000 
4869.648113997 0.000000000 
4869.649113796 0.000000000 
4869.650113697 0.000000000 
4869.651088970 0.000000000 
4869.652067891 0.000000000 
4869.653011761 0.000000000 
4869.654152006 0.000000000 
4869.655139001 0.000000000 
4869.656151335 0.000000000 
4869.657168497 0.000000000 
4869.658151926 0.000000000 
4869.659151313 0.000000000 
4869.660151472 0.000000000 
4869.661151533 0.000000000 
4869.662150709 0.000000000 
4869.663150920 0.000000000 
4869.664150779 0.000000000 
4869.665013396 0.000000000 
4869.666116170 0.000000000 
4869.667061511 0.000000000 
4869.668156379 0.000000000 
4869.669154865 0.000000000 
4869.670151113 0.000000000 
4869.671150477 0.000000000 
4869.672150690 0.000000000 
4869.673150699 0.000000000 
4869.674176799 0.000000000 
4869.675176375 0.000000000 
4869.676155017 0.000000000 
4869.677154356 0.000000000 
4869.678155521 0.000000000 
4869.679154770 0.000000000 
4869.680151141 0.000000000 
4869.681151729 0.000000000 
4869.682152495 0.000000000 
4869.683147529 0.000000000 
4869.684151222 0.000000000 
4869.685151074 0.000000000 
4869.686151146 0.000000000 
4869.687151023 0.000000000 
4869.688151230 0.000000000 
4869.689271116 0.000000000 
4869.690152281 0.000000000 
4869.691151497 0.000000000 
4869.692148063 0.000000000 
4869.693147524 0.000000000 
4869.694151450 0.000000000 
4869.695151576 0.000000000 
4869.696150610 0.000000000 
4869.697114394 0.000000000 
4869.698056968 0.000000000 
4869.699153818 0.000000000 
4869.700154483 0.000000000 
4869.701104695 0.000000000 
4869.702154922 0.000000000 
4869.703150656 0.000000000 
4869.704186046 0.000000000 
4869.705200833 0.000000000 
4869.706201674 0.000000000 
4869.707180078 0.000000000 
4869.708180194 0.000000000 
4869.709198981 0.000000000 
4869.710200602 0.000000000 
4869.711179917 0.000000000 
4869.712175861 0.000000000 
4869.713203658 0.000000000 
4869.714180497 0.000000000 
4869.715196922 0.000000000 
4869.716197444 0.000000000 
4869.717133670 0.000000000 
4869.718094786 0.000000000 
4869.719176444 0.000000000 
4869.720091588 0.000000000 
4869.721121547 0.000000000 
4869.722197437 0.000000000 
4869.723152092 0.000000000 
4869.724196934 0.000000000 
4869.725176118 0.000000000 
4869.726175983 0.000000000 
4869.727178439 0.000000000 
4869.728179469 0.000000000 
4869.729179993 0.000000000 
4869.730155356 0.000000000 
4869.731179750 0.000000000 
4869.732155511 0.000000000 
4869.733176223 0.000000000 
4869.734197060 0.000000000 
4869.735201149 0.000000000 
4869.736201938 0.000000000 
4869.737197929 0.000000000 
4869.738177592 0.000000000 
4869.739179507 0.000000000 
4869.740179473 0.000000000 
4869.741179670 0.000000000 
4869.742179854 0.000000000 
4869.743119730 0.000000000 
4869.744175849 0.000000000 
4869.745176177 0.000000000 
4869.746180094 0.000000000 
4869.747176024 0.000000000 
4869.748176118 0.000000000 
4869.749176144 0.000000000 
4869.750176230 0.000000000 
4869.751176443 0.000000000 
4869.752177010 0.000000000 
4869.753177192 0.000000000 
4869.754151829 0.000000000 
4869.755147975 0.000000000 
4869.756176719 0.000000000 
4869.757176778 0.000000000 
4869.758148381 0.000000000 
4869.759176592 0.000000000 
4869.760176813 0.000000000 
4869.761177320 0.000000000 
4869.762176915 0.000000000 
4869.763176329 0.000000000 
4869.764176403 0.000000000 
4869.765176465 0.000000000 
4869.766176506 0.000000000 
4869.767176487 0.000000000 
4869.768152000 0.000000000 
4869.769176093 0.000000000 
4869.770152884 0.000000000 
4869.771178416 0.000000000 
4869.772178845 0.000000000 
4869.773178339 0.000000000 
4869.774178477 0.000000000 
4869.775178718 0.000000000 
4869.776180043 0.000000000 
4869.777179260 0.000000000 
4869.778073653 0.000000000 
4869.779175822 0.000000000 
4869.780175821 0.000000000 
4869.781175667 0.000000000 
4869.782152069 0.000000000 
4869.783180593 0.000000000 
4869.784180753 0.000000000 
4869.785180229 0.000000000 
4869.786175475 0.000000000 
4869.787175569 0.000000000 
4869.788176412 0.000000000 
4869.789180038 0.000000000 
4869.790176344 0.000000000 
4869.791176574 0.000000000 
4869.792117862 0.000000000 
4869.793140542 0.000000000 
4869.794091203 0.000000000 
4869.795110969 0.000000000 
4869.796111157 0.000000000 
4869.797110798 0.000000000 
4869.798090034 0.000000000 
4869.799111535 0.000000000 
4869.800106119 0.000000000 
4869.801110503 0.000000000 
4869.802110256 0.000000000 
4869.803109567 0.000000000 
4869.804089584 0.000000000 
4869.805087927 0.000000000 
4869.806087507 0.000000000 
4869.807108352 0.000000000 
4869.808107580 0.000000000 
4869.809106193 0.000000000 
4869.810087073 0.000000000 
4869.811131655 0.000000000 
4869.812089017 0.000000000 
4869.813111283 0.000000000 
4869.814110834 0.000000000 
4869.815117843 0.000000000 
4869.816108707 0.000000000 
4869.817106916 0.000000000 
4869.818086645 0.000000000 
4869.819107159 0.000000000 
4869.820089052 0.000000000 
4869.821110010 0.000000000 
4869.822108292 0.000000000 
4869.823106520 0.000000000 
4869.824110214 0.000000000 
4869.825108826 0.000000000 
4869.826106315 0.000000000 
4869.827109326 0.000000000 
4869.828107451 0.000000000 
4869.829111443 0.000000000 
4869.830109938 0.000000000 
4869.831107256 0.000000000 
4869.832088514 0.000000000 
4869.833109840 0.000000000 
4869.834217394 0.000000000 
4869.835088954 0.000000000 
4869.836087147 0.000000000 
4869.837133731 0.000000000 
4869.838151636 0.000000000 
4869.839151035 0.000000000 
4869.840151066 0.000000000 
4869.841151722 0.000000000 
4869.842151230 0.000000000 
4869.843151394 0.000000000 
4869.844152147 0.000000000 
4869.845153455 0.000000000 
4869.846154294 0.000000000 
4869.847154571 0.000000000 
4869.848154577 0.000000000 
4869.849154909 0.000000000 
4869.850154754 0.000000000 
4869.851154917 0.000000000 
4869.852154780 0.000000000 
4869.853150991 0.000000000 
4869.854150337 0.000000000 
4869.855152081 0.000000000 
4869.856154288 0.000000000 
4869.857154690 0.000000000 
4869.858056858 0.000000000 
4869.859151336 0.000000000 
4869.860151440 0.000000000 
4869.861150644 0.000000000 
4869.862176787 0.000000000 
4869.863175856 0.000000000 
4869.864151005 0.000000000 
4869.865152059 0.000000000 
4869.866153741 0.000000000 
4869.867154908 0.000000000 
4869.868155629 0.000000000 
4869.869154310 0.000000000 
4869.870083798 0.000000000 
4869.871109353 0.000000000 
4869.872111007 0.000000000 
4869.873139739 0.000000000 
4869.874110975 0.000000000 
4869.875144146 0.000000000 
4869.876110307 0.000000000 
4869.877125654 0.000000000 
4869.878112575 0.000000000 
4869.879110485 0.000000000 
4869.880110302 0.000000000 
4869.881140368 0.000000000 
4869.882107698 0.000000000 
4869.883110292 0.000000000 
4869.884139692 0.000000000 
4869.885111046 0.000000000 
4869.886139905 0.000000000 
4869.887110738 0.000000000 
4869.888140117 0.000000000 
4869.889140241 0.000000000 
4869.890140543 0.000000000 
4869.891140400 0.000000000 
4869.892110296 0.000000000 
4869.893139906 0.000000000 
4869.894116249 0.000000000 
4869.895109497 0.000000000 
4869.896113093 0.000000000 
4869.897113037 0.000000000 
4869.898112300 0.000000000 
4869.899110577 0.000000000 
4869.900109867 0.000000000 
4869.901112771 0.000000000 
4869.902113345 0.000000000 
4869.903096927 0.000000000 
4869.904144087 0.000000000 
4869.905110792 0.000000000 
4869.906139344 0.000000000 
4869.907110239 0.000000000 
4869.908143521 0.000000000 
4869.909143512 0.000000000 
4869.910110653 0.000000000 
4869.911140311 0.000000000 
4869.912140370 0.000000000 
4869.913140499 0.000000000 
4869.914140504 0.000000000 
4869.915110392 0.000000000 
4869.916140023 0.000000000 
4869.917140172 0.000000000 
4869.918061843 0.000000000 
4869.919114160 0.000000000 
4869.920113597 0.000000000 
4869.921110821 0.000000000 
4869.922112709 0.000000000 
4869.923109593 0.000000000 
4869.924109509 0.000000000 
4869.925118509 0.000000000 
4869.926070167 0.000000000 
4869.927110225 0.000000000 
4869.928110151 0.000000000 
4869.929110232 0.000000000 
4869.930111763 0.000000000 
4869.931111912 0.000000000 
4869.932060326 0.000000000 
4869.933115193 0.000000000 
4869.934113898 0.000000000 
4869.935114503 0.000000000 
4869.936110432 0.000000000 
4869.937154874 0.000000000 
4869.938097305 0.000000000 
4869.939110229 0.000000000 
4869.940109804 0.000000000 
4869.941110014 0.000000000 
4869.942110495 0.000000000 
4869.943110159 0.000000000 
4869.944110658 0.000000000 
4869.945110005 0.000000000 
4869.946109812 0.000000000 
4869.947109804 0.000000000 
4869.948110012 0.000000000 
4869.949110438 0.000000000 
4869.950110077 0.000000000 
4869.951110320 0.000000000 
4869.952110229 0.000000000 
4869.953109603 0.000000000 
4869.954146431 0.000000000 
4869.955111152 0.000000000 
4869.956109306 0.000000000 
4869.957111106 0.000000000 
4869.958109807 0.000000000 
4869.959110801 0.000000000 
4869.960111072 0.000000000 
4869.961109738 0.000000000 
4869.962109736 0.000000000 
4869.963112253 0.000000000 
4869.964112398 0.000000000 
4869.965112557 0.000000000 
4869.966112709 0.000000000 
4869.967114010 0.000000000 
4869.968114538 0.000000000 
4869.969113612 0.000000000 
4869.970109883 0.000000000 
4869.971110027 0.000000000 
4869.972110639 0.000000000 
4869.973110148 0.000000000 
4869.974110230 0.000000000 
4869.975110390 0.000000000 
4869.976109740 0.000000000 
4869.977109926 0.000000000 
4869.978061559 0.000000000 
4869.979110455 0.000000000 
4869.980110244 0.000000000 
4869.981110256 0.000000000 
4869.982189820 0.000000000 
4869.983110980 0.000000000 
4869.984109781 0.000000000 
4869.985154774 0.000000000 
4869.986057574 0.000000000 
4869.987114064 0.000000000 
4869.988113586 0.000000000 
4869.989113727 0.000000000 
4869.990113720 0.000000000 
4869.991109546 0.000000000 
4869.992109761 0.000000000 
4869.993109753 0.000000000 
4869.994059541 0.000000000 
4869.995113000 0.000000000 
4869.996143874 0.000000000 
4869.997110690 0.000000000 
4869.998115712 0.000000000 
4869.999112829 0.000000000 
4870.000112798 0.000000000 
4870.001109950 0.000000000 
4870.002109723 0.000000000 
4870.003109987 0.000000000 
4870.004109870 0.000000000 
4870.005110141 0.000000000 
4870.006140378 0.000000000 
4870.007110162 0.000000000 
4870.008139899 0.000000000 
4870.009110268 0.000000000 
4870.010140115 0.000000000 
4870.011140322 0.000000000 
4870.012140181 0.000000000 
4870.013110834 0.000000000 
4870.014139838 0.000000000 
4870.015139984 0.000000000 
4870.016139835 0.000000000 
4870.017097693 0.000000000 
4870.018115598 0.000000000 
4870.019113525 0.000000000 
4870.020113044 0.000000000 
4870.021112421 0.000000000 
4870.022113040 0.000000000 
4870.023113339 0.000000000 
4870.024113312 0.000000000 
4870.025113371 0.000000000 
4870.026143838 0.000000000 
4870.027111297 0.000000000 
4870.028139867 0.000000000 
4870.029140151 0.000000000 
4870.030143502 0.000000000 
4870.031110375 0.000000000 
4870.032140151 0.000000000 
4870.033112073 0.000000000 
4870.034140313 0.000000000 
4870.035140437 0.000000000 
4870.036140295 0.000000000 
4870.037139696 0.000000000 
4870.038062126 0.000000000 
4870.039110454 0.000000000 
4870.040109946 0.000000000 
4870.041109928 0.000000000 
4870.042110037 0.000000000 
4870.043109923 0.000000000 
4870.044110026 0.000000000 
4870.045109320 0.000000000 
4870.046109688 0.000000000 
4870.047090872 0.000000000 
